72.58524296	8.88E-06	-50	-0.000177654
72.63037461	1.05E-05	-50	-0.000210937
72.65857938	1.45E-05	-50	-0.000290251
72.65293858	1.35E-05	-50	-0.000269722
72.65857938	1.61E-05	50	0.000321594
72.6811418	1.32E-05	-50	-0.000264752
72.61909216	1.63E-05	50	0.000325482
72.63601572	1.53E-05	-50	-0.000305492
72.65857938	1.59E-05	50	0.000318454
72.67550131	1.32E-05	-50	-0.00026367
72.63037461	1.44E-05	50	0.000287662
72.65857938	1.30E-05	-50	-0.000260969
72.64165675	1.51E-05	50	0.000301923
72.6811418	1.26E-05	-50	-0.000252651
72.6472977	1.27E-05	50	0.000254593
72.65857938	1.24E-05	-50	-0.000248867
72.65857938	1.27E-05	50	0.000253189
72.66986074	1.23E-05	-50	-0.000245408
72.65293858	1.42E-05	50	0.000284311
72.6642201	1.60E-05	-50	-0.000320296
72.66986074	4.47E-06	50	8.95E-05
72.65293858	-8.76E-06	-50	0.000175162
72.6642201	-5.16E-05	50	-0.001032401
72.6472977	-0.000311564	-50	0.006231287
72.6642201	-8.97E-06	50	-0.000179376
72.6642201	5.50E-06	-50	-0.000109902
72.67550131	-6.08E-06	50	-0.000121672
72.65293858	3.04E-05	-50	-0.000608382
72.67550131	2.82E-05	50	0.000564622
72.66986074	1.52E-05	-50	-0.000303112
72.65857938	-2.64E-06	50	-5.27E-05
72.6472977	2.79E-06	-50	-5.58E-05
72.65293858	9.62E-07	50	1.92E-05
72.6472977	-2.24E-05	-50	0.000448555
72.6642201	1.68E-05	50	0.000335207
72.65857938	2.90E-05	-50	-0.000580823
72.6472977	2.94E-05	50	0.000588064
72.65293858	4.07E-05	-50	-0.000814996
72.66986074	6.90E-05	50	0.001380474
72.69242254	8.04E-05	-50	-0.001607945
72.6472977	4.74E-05	50	0.00094867
72.6811418	6.11E-05	-50	-0.001222818
72.6980628	5.88E-05	50	0.001176887
72.76010051	5.68E-05	-50	-0.001135171
72.6811418	5.19E-05	50	0.001038466
72.70370298	5.74E-05	-50	-0.001147494
72.72062305	4.69E-05	50	0.000938506
72.77137909	4.28E-05	-50	-0.000856492
72.70934308	5.30E-05	50	0.001059429
72.73190271	5.63E-05	-50	-0.001125775
72.75446111	3.97E-05	50	0.000794567
72.78829638	5.35E-05	-50	-0.001070992
72.76010051	4.34E-05	50	0.000867401
72.78829638	4.13E-05	-50	-0.000825587
72.81085168	3.04E-05	50	0.0006086
72.84468232	5.94E-05	-50	-0.001187802
72.82212887	5.72E-05	50	0.001144252
72.84468232	4.79E-05	-50	-0.000957848
72.85595858	3.47E-05	50	0.000694833
72.85032048	6.84E-05	-50	-0.001368364
72.8897855	4.02E-05	50	0.000803004
72.90106052	3.85E-05	-50	-0.000769607
72.90669792	2.55E-05	50	0.00051026
72.91233524	3.44E-05	-50	-0.000687698
72.96306763	4.16E-05	50	0.000832287
72.97434065	4.50E-05	-50	-0.000899822
72.98561335	4.85E-05	50	0.000970494
72.99124959	4.31E-05	-50	-0.00086275
73.04197226	4.26E-05	50	0.000851741
73.04760773	4.75E-05	-50	-0.00095061
73.07014883	3.38E-05	50	0.000676785
73.08705384	3.00E-05	-50	-0.000600709
73.12649617	3.79E-05	50	0.00075837
73.1772022	4.64E-05	-50	-0.000928562
73.14903295	5.17E-05	50	0.001033811
73.18846935	4.33E-05	-50	-0.000865788
73.21100275	4.44E-05	50	0.000887073
73.28422777	5.77E-05	-50	-0.001153116
73.26733084	4.51E-05	50	0.000902197
73.34054587	4.83E-05	-50	-0.000966711
73.35180857	2.97E-05	50	0.00059477
73.41374791	2.90E-05	-50	-0.000579426
73.42500861	4.79E-05	50	0.000957199
73.46441864	4.05E-05	-50	-0.000810786
73.48693698	4.02E-05	50	0.000804191
73.54885606	6.61E-05	-50	-0.001322444
73.60513808	4.90E-05	50	0.000979136
73.66703945	4.82E-05	-50	-0.00096325
73.72893156	4.89E-05	50	0.000977958
73.77393819	4.83E-05	-50	-0.000965311
73.85268802	2.75E-05	50	0.000549274
73.81331498	3.65E-05	-50	-0.000729409
73.74580962	4.32E-05	50	0.000864061
73.762687	5.46E-05	-50	-0.001092928
73.86393677	3.66E-05	50	0.000731788
73.94829268	4.81E-05	-50	-0.000961845
74.04387528	3.07E-05	50	0.000613136
74.09446891	5.75E-05	-50	-0.00114997
74.19563765	3.20E-05	50	0.000639831
74.29116327	4.79E-05	-50	-0.000957961
74.3361089	5.46E-05	50	0.001091308
74.42598557	4.09E-05	-50	-0.000817691
74.51584281	3.59E-05	50	0.000717308
74.63936481	5.28E-05	-50	-0.001056182
74.65620588	4.79E-05	50	0.00095796
74.7909099	5.94E-05	-50	-0.001188561
74.84702372	6.42E-05	50	0.001284943
74.9592287	6.50E-05	-50	-0.001300836
75.02092858	7.28E-05	50	0.001455244
75.16112163	1.55E-05	-50	-0.000310462
75.20036726	0.000135972	50	0.002719439
75.3068725	-0.000101052	-50	0.002021032
75.3517087	0.000300035	50	0.006000704
75.44136667	-0.000313616	-50	0.006272324
75.50859754	0.000560675	50	0.011213495
75.57021634	-0.000731147	-50	0.014622939
75.64862717	0.001055447	50	0.021108934
75.70462592	-0.001125854	-50	0.022517082
75.65982752	0.001238834	50	0.024776688
75.68222732	-0.0011787	-50	0.023574001
75.78861001	0.001267521	50	0.025350414
75.90056264	-0.001189382	-50	0.023787632
75.98450752	0.001288587	50	0.025771739
76.02927125	-0.001203697	-50	0.024073947
76.10200215	0.001293786	50	0.025875718
76.19149982	-0.001211708	-50	0.024234169
76.24742619	0.001316009	50	0.026320179
76.27538658	-0.001212567	-50	0.024251339
76.34807492	0.001304808	50	0.026096159
76.42634062	-0.001203307	-50	0.024066148
76.48223579	0.001308571	50	0.026171411
76.5325351	-0.001227169	-50	0.024543386
76.59959151	0.001309969	50	0.026199378
76.73367234	-0.001238221	-50	0.024764421
76.73925811	0.001312497	50	0.026249942
76.83978945	-0.001234225	-50	0.024684504
76.89562984	0.001324673	50	0.026493452
77.01845274	-0.00123434	-50	0.0246868
77.02961669	0.001323848	50	0.02647695
77.15240067	-0.001239921	-50	0.024798428
77.19146083	0.001328725	50	0.026574505
77.29746309	-0.001237253	-50	0.024745068
77.33093197	0.001340324	50	0.026806471
77.43689933	-0.001235043	-50	0.024700865
77.50381244	0.001345091	50	0.026901821
77.59858794	-0.001222666	-50	0.02445333
77.72677994	0.001376359	50	0.027527186
77.8660752	-0.001225722	-50	0.024514442
77.94406061	0.001354942	50	0.027098843
78.08885274	-0.001236869	-50	0.024737373
78.25029359	0.001359421	50	0.02718841
78.40054563	-0.001225643	-50	0.024512867
78.45618111	0.00137476	50	0.027495201
78.60079942	-0.001196894	-50	0.023937874
78.72869021	0.001385175	50	0.027703505
78.85098475	-0.001231166	-50	0.02462331
78.97880078	0.001372475	50	0.027449499
79.01213782	-0.001229833	-50	0.024596653
79.14546004	0.001409454	50	0.028189081
79.24542452	-0.001188193	-50	0.023763854
79.33981403	0.001427993	50	0.028559862
79.38977654	-0.001188495	-50	0.023769899
79.51743214	0.001414994	50	0.028299874
79.62285818	-0.001192457	-50	0.023849148
79.72271166	0.001419582	50	0.028391643
79.76153731	-0.001190856	-50	0.023817113
79.90571625	0.001415499	50	0.028309978
80.02767615	-0.001229614	-50	0.024592278
80.07201666	0.001421231	50	0.028424611
80.16068401	-0.001204341	-50	0.024086813
80.2825719	0.001413218	50	0.028264352
80.42657692	-0.001202391	-50	0.024047821
80.49856145	0.001411756	50	0.028235117
80.63142454	-0.001201122	-50	0.024022437
80.6923065	0.001417652	50	0.028353031
80.84170781	-0.001206504	-50	0.024130075
80.89702857	0.001406502	50	0.028130038
81.04635942	-0.001214832	-50	0.024296647
81.12929882	0.001416071	50	0.028321429
81.26196898	-0.001197677	-50	0.023953545
81.33381509	0.001429267	50	0.028585332
81.46642292	-0.001198894	-50	0.023977889
81.49404447	0.001433832	50	0.028676642
81.60451318	-0.001200907	-50	0.024018137
81.68734636	0.00142989	50	0.028597809
81.84192624	-0.001213801	-50	0.024276016
81.86952403	0.001393214	50	0.027864275
82.00196919	-0.00123968	-50	0.024793593
82.11782582	0.001414042	50	0.028280836
82.22262206	-0.001222261	-50	0.024445223
82.32739325	0.001414902	50	0.028298043
82.3880388	-0.001216657	-50	0.024333141
82.53134952	0.001426179	50	0.02852358
82.63604701	-0.00121361	-50	0.024272191
82.7627527	0.001429515	50	0.028590294
82.81232325	-0.00121212	-50	0.024242398
82.94448409	0.001428215	50	0.028564298
83.07110101	-0.001205514	-50	0.024110278
83.17016715	0.001437487	50	0.028749741
83.23619887	-0.00121016	-50	0.024203199
83.3682327	0.001426382	50	0.028527632
83.50572597	-0.00120891	-50	0.02417821
83.57170755	0.001424948	50	0.028498968
83.64867362	-0.001213377	-50	0.024267544
83.79157511	0.001429786	50	0.028595716
83.95091088	-0.00121987	-50	0.024397408
84.01133361	0.001416501	50	0.028330014
84.18706205	-0.001241039	-50	0.024820775
84.2529423	0.001390415	50	0.027808298
84.40113717	-0.001249147	-50	0.024982949
84.48893306	0.001420589	50	0.028411771
84.66447293	-0.001221975	-50	0.024439503
84.71931496	0.001434216	50	0.028684318
84.87283679	-0.001244247	-50	0.024884937
84.95505891	0.00140221	50	0.028044193
85.09754142	-0.00124433	-50	0.024886609
85.16328726	0.00140196	50	0.028039209
85.2673651	-0.001243212	-50	0.024864241
85.37689459	0.00141275	50	0.028255001
85.47544824	-0.001241351	-50	0.024827022
85.52471694	0.001396156	50	0.027923126
85.61229239	-0.001249927	-50	0.024998543
85.70532258	0.001399198	50	0.027983956
85.80927471	-0.001249066	-50	0.024981317
85.82021564	0.001399801	50	0.027996024
85.93507934	-0.001258463	-50	0.025169267
85.99523433	0.001413642	50	0.028272846
86.06631624	-0.001257606	-50	0.025152126
86.120987	0.00140801	50	0.028160201
86.17018501	-0.001256339	-50	0.025126778
86.24670457	0.001403885	50	0.028077694
86.30681797	-0.001266588	-50	0.025331757
86.35053178	0.001396876	50	0.027937513
86.38877789	-0.00125423	-50	0.025084603
86.4652604	0.001394837	50	0.027896745
86.51442088	-0.001273323	-50	0.025466468
86.56357602	0.001400602	50	0.028012036
86.59634314	-0.001264747	-50	0.025294937
86.66187025	0.001405512	50	0.028110245
86.72192844	-0.001263705	-50	0.02527409
86.74922498	0.001416574	50	0.028331482
86.79835461	-0.001259367	-50	0.025187349
86.85839469	0.00140644	50	0.028128796
86.91842682	-0.001250124	-50	0.025002472
86.92388389	0.00140691	50	0.028138207
86.97299458	-0.001265681	-50	0.025313621
87.01664405	0.001418848	50	0.028376966
87.09302054	-0.001262819	-50	0.025256383
87.10393041	0.001402862	50	0.028057232
87.16938416	-0.001264291	-50	0.025285813
87.22392175	0.001408946	50	0.028178925
87.25118809	-0.001259318	-50	0.02518637
87.30026337	0.001418744	50	0.028374874
87.35478525	-0.001258497	-50	0.025169939
87.37659217	0.001419037	50	0.028380749
87.42565392	-0.001256708	-50	0.025134157
87.49651154	0.001414593	50	0.028291869
87.52921135	-0.001261	-50	0.025220006
87.56735814	0.001417683	50	0.028353656
87.60550175	-0.001254611	-50	0.02509221
87.68177937	0.001416369	50	0.028327379
87.68722729	-0.001259877	-50	0.025197536
87.73625558	0.001423398	50	0.028467969
87.77438505	-0.001256489	-50	0.025129778
87.82885019	0.001433487	50	0.028669745
87.86152615	-0.001253458	-50	0.025069165
87.89964516	0.00142376	50	0.028475192
87.93776098	-0.001260027	-50	0.025200533
87.98676235	0.001426072	50	0.028521434
88.01942702	-0.001254672	-50	0.025093446
88.04120217	0.001430371	50	0.028607419
88.10107847	-0.001247071	-50	0.024941417
88.14461995	0.001427512	50	0.028550242
88.20448271	-0.001248757	-50	0.024975139
88.18815728	0.001424683	50	0.028493658
88.25889661	-0.001248095	-50	0.024961892
88.30242307	0.00143637	50	0.028727406
88.35682533	-0.001241297	-50	0.024825945
88.35138539	0.001436123	50	0.028722466
88.41122113	-0.001245749	-50	0.024914987
88.44385551	0.001431004	50	0.028620089
88.5254313	-0.001243952	-50	0.024879036
88.51455536	0.001435171	50	0.028703418
88.59068148	-0.001254111	-50	0.025082228
88.60155561	0.001430379	50	0.02860757
88.68310336	-0.001259128	-50	0.025182555
88.65592239	0.001432982	50	0.028659635
88.71028273	-0.00124892	-50	0.024978404
88.76463663	0.001431927	50	0.028638539
88.80811513	-0.001249915	-50	0.024998306
88.81898411	0.001434797	50	0.028695946
88.8841926	-0.001260306	-50	0.025206121
88.90049328	0.001434876	50	0.028697527
88.98198801	-0.001250916	-50	0.025018322
88.98198801	0.001433672	50	0.028673434
89.02544596	-0.001246952	-50	0.024939048
89.04174164	0.001430527	50	0.028610533
89.10148752	-0.001261378	-50	0.025227567
89.10691858	0.001431024	50	0.028620473
89.16122564	-0.001259748	-50	0.025194955
89.18837678	0.001436255	50	0.028725095
89.22095603	-0.001264476	-50	0.025289513
89.28067868	0.001435768	50	0.028715354
89.30239409	-0.001254121	-50	0.025082412
89.34039359	0.001441329	50	0.028826576
89.36753418	-0.001253207	-50	0.025064149
89.39467317	0.001433541	50	0.028670824
89.44351934	-0.001261921	-50	0.02523842
89.47065387	0.001405312	50	0.028106235
89.5032132	-0.001285772	-50	0.025715434
89.55204789	0.001412368	50	0.028247364
89.57375054	-0.001289637	-50	0.025792748
89.61715279	0.001411471	50	0.028229413
89.64427712	-0.001290416	-50	0.025808324
89.66597545	0.001408885	50	0.028177693
89.72564059	-0.001288597	-50	0.025771932
89.7473351	0.001437934	50	0.028758678
89.76902859	-0.001260558	-50	0.025211153
89.80156692	0.001434597	50	0.028691936
89.85037013	-0.001249414	-50	0.024988287
89.84494781	0.001437658	50	0.028753153
89.88832463	-0.001269789	-50	0.025395788
89.93169739	0.001427806	50	0.028556122
90.00758997	-0.001255131	-50	0.025102612
89.95880331	0.001434218	50	0.028684361
90.01843075	-0.001266533	-50	0.025330655
90.06179134	0.001435023	50	0.028700469
90.12682464	-0.001264802	-50	0.025296046
90.09430913	0.001441185	50	0.028823706
90.15933787	-0.001271003	-50	0.025420069
90.14850038	0.001423915	50	0.028478291
90.22435751	-0.001260647	-50	0.025212946
90.1972671	0.001433848	50	0.028676962
90.27311626	-0.001257346	-50	0.025146911
90.29478518	0.001429437	50	0.028588731
90.34353655	-0.001262495	-50	0.025249893
90.34895305	0.001419798	50	0.028395953
90.40311461	-0.001290257	-50	0.025805136
90.40311461	0.001410614	50	0.028212272
90.45726987	-0.001300208	-50	0.026004168
90.45726987	0.001398311	50	0.027966212
90.51683338	-0.001317307	-50	0.026346144
90.53307665	0.001389963	50	0.027799259
90.5601475	-0.001319621	-50	0.026392429
90.59804406	0.001385159	50	0.027703189
90.60887108	-0.001323473	-50	0.02646945
90.63052437	0.001388885	50	0.02777771
90.66300242	-0.001321432	-50	0.026428645
90.71712747	0.00138777	50	0.027755394
90.72795172	-0.001322995	-50	0.026459903
90.74959948	0.001385005	50	0.027700098
90.78206923	-0.001321754	-50	0.026435073
90.80371448	0.001387546	50	0.027750921
90.84159125	-0.001313701	-50	0.026274012
90.84159125	0.001394583	50	0.02789166
90.87946494	-0.001309551	-50	0.026191022
90.9065157	0.001396454	50	0.027929076
90.97143113	-0.001315793	-50	0.026315858
90.92815518	0.001394319	50	0.027886389
90.99847656	-0.001315062	-50	0.026301243
91.00388546	0.001395333	50	0.027906657
91.06878736	-0.001318304	-50	0.026366087
91.04715439	0.001392192	50	0.027843834
91.09582716	-0.001320692	-50	0.026413849
91.10664264	0.001389971	50	0.027799411
91.14449486	-0.001323028	-50	0.026460554
91.13368025	0.001390237	50	0.027804743
91.17153028	-0.001323074	-50	0.02646149
91.19856415	0.001392358	50	0.027847167
91.23640893	-0.001322385	-50	0.026447698
91.20937725	0.001390315	50	0.027806299
91.27425066	-0.001320369	-50	0.026407384
91.27965637	0.001392066	50	0.027841313
91.32830496	-0.001318403	-50	0.026368061
91.33371005	0.001394255	50	0.027885092
91.37154392	-0.001323925	-50	0.026478491
91.38235303	0.001395456	50	0.027909116
91.3769485	-0.001323033	-50	0.02646066
91.425587	0.00139178	50	0.027835599
91.44720249	-0.001325069	-50	0.026501375
91.46341345	0.001391573	50	0.027831468
91.49043048	-0.001321574	-50	0.026431488
91.5282517	0.001394257	50	0.027885131
91.54445986	-0.001323133	-50	0.026462654
91.56066747	0.001396417	50	0.027928342
91.57687451	-0.001322271	-50	0.026445418
91.62009056	0.001391187	50	0.027823741
91.64169709	-0.001322807	-50	0.02645615
91.64709857	0.001395346	50	0.027906926
91.67410502	-0.00132227	-50	0.026445396
91.71731212	0.001398966	50	0.027979329
91.71731212	-0.001321063	-50	0.026421255
91.74971484	0.001394434	50	0.027888678
91.79291499	-0.001324616	-50	0.026492317
91.78751519	0.001396085	50	0.027921708
91.80911403	-0.001320197	-50	0.026403945
91.85230872	0.00139823	50	0.027964605
91.85770778	-0.001319652	-50	0.026393033
91.87930339	0.001395025	50	0.027900497
91.9278899	-0.00132338	-50	0.026467604
91.95488023	0.001394915	50	0.027898296
91.98186902	-0.001327205	-50	0.026544091
91.96027811	0.001394811	50	0.027896222
91.9926641	-0.001325631	-50	0.026512621
92.01425352	0.001395503	50	0.027910061
92.02504786	-0.001323185	-50	0.026463698
92.0628261	0.001394007	50	0.027880132
92.10060132	-0.001325975	-50	0.026519505
92.11678977	0.001396216	50	0.027924325
92.15456065	-0.001325299	-50	0.026505971
92.12218579	0.001398954	50	0.027979087
92.16535178	-0.00132548	-50	0.026509603
92.19232852	0.001396489	50	0.027929789
92.2139088	-0.001321446	-50	0.026428927
92.23009336	0.001400934	50	0.02801867
92.24088276	-0.001321626	-50	0.026432512
92.26246081	0.001401721	50	0.028034428
92.29482605	-0.001324332	-50	0.026486648
92.31640164	0.001398666	50	0.027973329
92.33258269	-0.001328539	-50	0.026570784
92.36494312	0.001395432	50	0.027908644
92.39730133	-0.001329861	-50	0.026597225
92.3811225	0.001393568	50	0.027871356
92.42426481	-0.001330412	-50	0.026608239
92.42965732	0.001399372	50	0.02798745
92.47818717	-0.001329779	-50	0.026595585
92.4889709	0.00139639	50	0.027927799
92.49436267	-0.00133142	-50	0.026628403
92.52671202	0.001394302	50	0.027886031
92.56984105	-0.001330272	-50	0.026605431
92.56445014	0.001397501	50	0.027950029
92.5752319	-0.001335384	-50	0.026707671
92.5967947	0.001395827	50	0.027916542
92.62913705	-0.001332239	-50	0.026644779
92.65069738	0.001395412	50	0.027908247
92.66686699	-0.001334599	-50	0.026691988
92.66686699	0.001394172	50	0.02788345
92.68303605	-0.001333134	-50	0.026662672
92.7207617	0.001398984	50	0.027979683
92.74231787	-0.001334102	-50	0.026682033
92.74231787	0.001390918	50	0.027818369
92.76926169	-0.001335351	-50	0.02670703
92.79620399	0.001390727	50	0.027814546
92.81236863	-0.001337372	-50	0.026747443
92.81236863	0.00139885	50	0.027976998
92.83930848	-0.001333215	-50	0.026664293
92.87163427	0.001395546	50	0.027910914
92.87702169	-0.001331255	-50	0.026625109
92.88779634	0.001394227	50	0.027884533
92.89857075	-0.001331983	-50	0.026639651
92.92011883	0.001400333	50	0.028006651
92.93627925	-0.001338842	-50	0.026776847
92.93627925	0.00139479	50	0.027895809
92.96859843	-0.001336635	-50	0.026732696
92.979371	0.001398977	50	0.027979535
93.0332302	-0.001337849	-50	0.026756988
92.9955294	0.001394782	50	0.027895647
93.0332302	-0.001339577	-50	0.026791533
93.05477216	0.001398518	50	0.027970351
93.07631315	-0.001335534	-50	0.026710686
93.03861578	0.001396938	50	0.027938757
93.08169825	-0.001331704	-50	0.026634088
93.10862281	0.001397465	50	0.027949308
93.14631462	-0.001333332	-50	0.026666648
93.11400754	0.001397811	50	0.027956213
93.15169893	-0.001333786	-50	0.026675723
93.16246735	0.001398299	50	0.027965979
93.21092222	-0.001329425	-50	0.026588503
93.15169893	0.001399913	50	0.027998263
93.20015489	-0.001332024	-50	0.026640484
93.21630578	0.001401399	50	0.028027979
93.25937215	-0.001333122	-50	0.026662439
93.22707274	0.001399127	50	0.027982535
93.26475517	-0.001333549	-50	0.02667097
93.29166936	0.001402468	50	0.028049368
93.31858203	-0.001331734	-50	0.026634679
93.29705201	0.001404592	50	0.028091844
93.31858203	-0.001327966	-50	0.026559317
93.34011107	0.001402433	50	0.028048658
93.3724028	-0.001331019	-50	0.026620374
93.37778454	0.001403323	50	0.02806646
93.42083629	-0.001331995	-50	0.026639892
93.43159862	0.001394349	50	0.027886971
93.46388415	-0.001339408	-50	0.026788156
93.42083629	0.001399738	50	0.027994752
93.45850338	-0.001335885	-50	0.026717695
93.48540662	0.001405281	50	0.02810561
93.49616749	-0.001335551	-50	0.026711021
93.5176885	0.001401154	50	0.028023087
93.53382862	-0.001333866	-50	0.02667731
93.5176885	0.001399168	50	0.027983353
93.5499682	-0.001333894	-50	0.02667788
93.55534793	0.001403319	50	0.028066373
93.57148678	-0.001335644	-50	0.026712877
93.60376283	0.001398539	50	0.027970785
93.6360367	-0.001334463	-50	0.02668926
93.59838364	0.00140284	50	0.028056808
93.65217282	-0.001333407	-50	0.026668143
93.64679417	0.001405721	50	0.028114426
93.66292992	-0.001334473	-50	0.026689464
93.69519979	0.001405122	50	0.028102432
93.68982163	-0.001331174	-50	0.02662348
93.72746748	0.001403339	50	0.028066773
93.75973298	-0.001332681	-50	0.026653625
93.77586491	0.001403601	50	0.028072021
93.77586491	-0.001299271	-50	0.025985414
93.76511035	0.001455711	50	0.02911421
93.79737331	-0.001268601	-50	0.025372026
93.81888074	0.001457045	50	0.029140894
93.82963409	-0.001272889	-50	0.02545778
93.8403872	0.001463571	50	0.029271413
93.87802118	-0.001273703	-50	0.025474058
93.89952498	0.001462057	50	0.029241148
93.96940565	-0.001275441	-50	0.025508816
93.96940565	0.001472056	50	0.029441125
94.01240406	-0.001283022	-50	0.025660449
94.03390182	0.001459467	50	0.029189347
94.13600298	-0.001282647	-50	0.025652948
94.16286809	0.001464519	50	0.029290371
94.22196603	-0.001286995	-50	0.025739897
94.32939816	0.00146407	50	0.029281399
94.38847557	-0.001294908	-50	0.02589815
94.48513202	0.001463261	50	0.029265213
94.51734651	-0.001299335	-50	0.025986694
94.63544783	0.001469713	50	0.029394257
94.73742109	-0.00130318	-50	0.02606359
94.84473802	0.001469145	50	0.029382891
94.87692844	-0.001299819	-50	0.025996389
95.01639539	0.001457526	50	0.029150527
95.12365022	-0.001308817	-50	0.02617634
95.21479809	0.001462241	50	0.029244811
95.28984813	-0.001316703	-50	0.02633405
95.41311933	0.001474171	50	0.029483426
95.54707414	-0.001319447	-50	0.026388937
95.616716	0.001459537	50	0.029190749
95.70241533	-0.001321746	-50	0.026434929
95.82022717	0.001466943	50	0.029338866
95.97012818	-0.001342083	-50	0.026841653
96.03435731	0.001458543	50	0.029170854
96.11998295	-0.001353533	-50	0.027070657
96.2590925	0.001445385	50	0.028907701
96.39816232	-0.001350634	-50	0.027012684
96.45698762	0.001451447	50	0.029028939
96.64411184	-0.001347179	-50	0.02694359
96.77772813	0.001455232	50	0.02910464
96.90596543	-0.001355383	-50	0.027107655
97.0128042	0.001456102	50	0.029122047
97.16767905	-0.00135624	-50	0.027124798
97.24776755	0.001458654	50	0.029173079
97.37054455	-0.001355901	-50	0.027118028
97.43992668	0.00145758	50	0.029151591
97.61067178	-0.001354833	-50	0.027096663
97.68002006	0.001462654	50	0.029253077
97.80268927	-0.001359141	-50	0.027182827
97.88800638	0.001459908	50	0.029198159
98.04260606	-0.001355397	-50	0.027107941
98.13854016	0.001461468	50	0.029229355
98.25576768	-0.001361172	-50	0.027223438
98.36231407	0.00146187	50	0.029237391
98.43688291	-0.001360715	-50	0.027214295
98.54871514	0.001465014	50	0.029300284
98.73504621	-0.0013602	-50	0.027204009
98.79359298	0.001464327	50	0.029286541
98.90002398	-0.001362199	-50	0.027243984
99.02771115	0.001470921	50	0.029418414
99.13409212	-0.001358281	-50	0.027165618
99.25108498	0.00146997	50	0.029399396
99.38399814	-0.001364556	-50	0.027291125
99.47967372	0.001465858	50	0.029317169
99.60189921	-0.001364339	-50	0.027286781
99.70284559	0.00146815	50	0.029363004
99.81439424	-0.001368159	-50	0.027363183
99.9365381	0.001467663	50	0.029353254
100.0798865	-0.001365921	-50	0.027318417
100.1541991	0.001471887	50	0.029437732
100.3027916	-0.001369045	-50	0.027380893
100.3876818	0.001470485	50	0.029409691
100.4937745	-0.001370378	-50	0.027407568
100.6051479	0.001472164	50	0.029443278
100.674081	-0.00137133	-50	0.02742659
100.7695112	0.001476241	50	0.029524829
100.8702237	-0.001366583	-50	0.027331651
100.986813	0.001475611	50	0.029512215
101.09278	-0.001373376	-50	0.027467515
101.1828345	0.001471889	50	0.02943779
101.2887606	-0.001373098	-50	0.027461961
101.3576006	0.00147624	50	0.0295248
101.4687841	-0.00136907	-50	0.027381401
101.5799433	0.001476882	50	0.02953764
101.7069527	-0.001371142	-50	0.027422844
101.754573	0.001471542	50	0.029430842
101.9238537	-0.00137772	-50	0.027554393
102.0137613	0.001472697	50	0.029453947
102.0666407	-0.00137651	-50	0.027530207
102.1670964	0.001478252	50	0.029565046
102.2675325	-0.001373852	-50	0.02747704
102.3890866	0.001477871	50	0.029557424
102.5106119	-0.001375301	-50	0.027506016
102.589852	0.001480078	50	0.029601566
102.7218917	-0.00137311	-50	0.027462195
102.7852586	0.001483824	50	0.029676473
102.9066902	-0.001368516	-50	0.027370324
103.0228153	0.001480662	50	0.029613233
103.080868	-0.001373437	-50	0.027468735
103.170573	0.001476858	50	0.029537163
103.2919138	-0.001384393	-50	0.027687854
103.3446618	0.001477486	50	0.029549725
103.4870544	-0.001374005	-50	0.02748009
103.5503274	0.00147992	50	0.029598393
103.6873924	-0.001382182	-50	0.027643633
103.7401	0.001478779	50	0.029575571
103.856038	-0.001381153	-50	0.027623055
103.9245346	0.001489472	50	0.029789438
104.0456987	-0.001381288	-50	0.027625759
104.1247036	0.001485113	50	0.029702269
104.2405558	-0.001381098	-50	0.027621963
104.3247957	0.00148668	50	0.029733598
104.4300764	-0.001379459	-50	0.027589181
104.4774457	0.0014891	50	0.029781991
104.5511229	-0.001383743	-50	0.027674854
104.6721414	0.001488313	50	0.029766264
104.7615718	-0.001383846	-50	0.027676915
104.8562461	0.001491437	50	0.029828735
104.9666779	-0.001381691	-50	0.027633819
105.0139987	0.00149267	50	0.029853404
105.1454228	-0.001376475	-50	0.027529501
105.203239	0.001493131	50	0.029862626
105.282069	-0.001381702	-50	0.027634048
105.3924112	0.001488803	50	0.029776051
105.4869717	-0.001381796	-50	0.02763592
105.539498	0.001494713	50	0.029894258
105.6235291	-0.001388061	-50	0.027761224
105.7232987	0.00149082	50	0.029816401
105.8073006	-0.001388283	-50	0.027765664
105.8965379	0.001490257	50	0.029805146
105.9490234	-0.001390241	-50	0.027804811
106.0539787	0.001489408	50	0.029788157
106.1326815	-0.001392111	-50	0.02784222
106.2271095	0.001488283	50	0.029765656
106.2743171	-0.00139401	-50	0.027880208
106.3687198	0.001491895	50	0.029837901
106.4683488	-0.001389475	-50	0.027789502
106.5469901	0.001488119	50	0.029762372
106.5994112	-0.001398449	-50	0.027968978
106.6989969	0.001485089	50	0.029701777
106.7671238	-0.001401446	-50	0.028028919
106.8614389	0.001485141	50	0.029702813
106.913829	-0.00139633	-50	0.027926597
107.0133559	0.001492239	50	0.029844789
107.1076274	-0.001389995	-50	0.027799894
107.1599933	0.001499538	50	0.029990751
107.2228256	-0.001393239	-50	0.02786479
107.3275296	0.001498125	50	0.029962501
107.4165119	-0.001391288	-50	0.027825759
107.4897803	0.001497643	50	0.029952857
107.5682711	-0.001387833	-50	0.027756667
107.6362871	0.001496419	50	0.029928376
107.756602	-0.00139434	-50	0.027886792
107.787984	0.001494984	50	0.029899672
107.8350537	-0.001393782	-50	0.027875644
107.9344094	0.001489759	50	0.029795177
108.0598851	-0.001404659	-50	0.028093174
108.0912494	0.001491174	50	0.02982349
108.1539726	-0.001403455	-50	0.028069099
108.2375922	0.001495899	50	0.029917977
108.3682218	-0.001400894	-50	0.028017875
108.4100166	0.001490347	50	0.029806948
108.5040431	-0.001404445	-50	0.028088897
108.5510502	0.001503188	50	0.030063754
108.6607175	-0.001398447	-50	0.027968936
108.6920469	0.001496053	50	0.029921055
108.8121263	-0.001405776	-50	0.028115528
108.8538868	0.001493907	50	0.029878133
108.9530551	-0.00140722	-50	0.028144399
109.0052416	0.001493231	50	0.029864615
109.1095996	-0.001408807	-50	0.02817615
109.1461202	0.001490428	50	0.029808566
109.2608831	-0.001411728	-50	0.028234551
109.2817465	0.00149001	50	0.029800201
109.3860514	-0.001410292	-50	0.028205848
109.4381964	0.001492495	50	0.029849893
109.5476846	-0.001407914	-50	0.028158287
109.57375	0.001495133	50	0.029902656
109.667575	-0.001408301	-50	0.028166013
109.7144815	0.001495365	50	0.0299073
109.8187036	-0.001405806	-50	0.028116115
109.8603869	0.001495523	50	0.029910452
109.9645813	-0.001411603	-50	0.028232066
110.0114623	0.00149615	50	0.029923004
110.0895883	-0.001413141	-50	0.028262817
110.1364586	0.001497605	50	0.029952094
110.245807	-0.001413473	-50	0.028269456
110.2926639	0.001493633	50	0.029872669
110.3759552	-0.001413588	-50	0.028271759
110.4384154	0.00149827	50	0.029965391
110.5164807	-0.001404072	-50	0.028081449
110.5893316	0.001498455	50	0.029969101
110.6673754	-0.001412635	-50	0.028252706
110.7610134	0.001499542	50	0.029990831
110.833832	-0.001410231	-50	0.028204625
110.8754383	0.001505714	50	0.030114271
110.9326418	-0.001407671	-50	0.028153428
111.036633	0.001504947	50	0.030098935
111.1094152	-0.001409086	-50	0.028181722
111.1821878	0.00150935	50	0.030186995
111.2289652	-0.001406317	-50	0.028126347
111.3173116	0.0015093	50	0.030186003
111.3796653	-0.001408675	-50	0.028173504
111.4575975	0.001510797	50	0.030215944
111.5095463	-0.001407689	-50	0.028153777
111.5718783	0.001509043	50	0.03018085
111.6549769	-0.001404039	-50	0.028080789
111.738063	0.001504613	50	0.03009225
111.7744092	-0.001413891	-50	0.028277814
111.8574775	0.001505014	50	0.030100278
111.9249613	-0.00141205	-50	0.028240999
112.0028171	0.001504249	50	0.030084979
112.0495254	-0.001413474	-50	0.028269485
112.111797	0.001505658	50	0.030113168
112.2103794	-0.001413784	-50	0.02827569
112.2622579	0.001503452	50	0.030069036
112.3089445	-0.001415269	-50	0.02830539
112.3867467	0.001501896	50	0.03003792
112.4645381	-0.001418108	-50	0.028362169
112.5267635	0.001509378	50	0.030187564
112.5682432	-0.001413571	-50	0.028271421
112.6563774	0.001507633	50	0.030152668
112.7444977	-0.001416186	-50	0.028323727
112.7963267	0.001507817	50	0.030156348
112.8429688	-0.001414688	-50	0.028293757
112.9310598	0.001511615	50	0.030232292
113.0294982	-0.00141551	-50	0.028310206
113.0502198	0.001512862	50	0.030257245
113.1279193	-0.00141216	-50	0.028243204
113.1952501	0.001516443	50	0.030328867
113.2884642	-0.001411959	-50	0.028239185
113.3091763	0.001517025	50	0.030340509
113.3764855	-0.001407967	-50	0.028159349
113.4437867	0.001512433	50	0.030248656
113.5317838	-0.001412764	-50	0.028255273
113.5628383	0.001513381	50	0.030267613
113.6197672	-0.001414047	-50	0.028280949
113.7077369	0.001519337	50	0.030386742
113.8060398	-0.001416864	-50	0.028337272
113.8163865	0.001514375	50	0.030287492
113.8836353	-0.001417383	-50	0.028347654
113.9560482	0.001513188	50	0.030263763
114.0749922	-0.001414458	-50	0.028289156
114.1008463	0.001518877	50	0.030377531
114.1990811	-0.001419637	-50	0.028392747
114.2300991	0.001514618	50	0.030292355
114.3179742	-0.001412358	-50	0.028247162
114.3334801	0.001513639	50	0.030272784
114.4368424	-0.001418093	-50	0.028361863
114.4885165	0.001512661	50	0.030253227
114.5815181	-0.001411026	-50	0.028220521
114.5918507	0.001516086	50	0.030321724
114.6900008	-0.001418284	-50	0.028365674
114.741652	0.001519739	50	0.030394786
114.8397764	-0.001412205	-50	0.028244092
114.8397764	0.001521848	50	0.030436957
114.9378839	-0.001416532	-50	0.02833065
114.98435	0.001523669	50	0.030473386
115.0721091	-0.001409017	-50	0.028180336
115.0824328	0.001528177	50	0.030563538
115.1908205	-0.00141242	-50	0.028248395
115.2217847	0.00152668	50	0.030533591
115.3095074	-0.001408196	-50	0.02816391
115.350784	0.001525623	50	0.030512464
115.4333284	-0.001415891	-50	0.028317826
115.4642795	0.001529497	50	0.03058994
115.5468076	-0.001415081	-50	0.028301616
115.5983816	0.00152812	50	0.030562399
115.6808905	-0.001410916	-50	0.028218324
115.7015159	0.001529329	50	0.030586574
115.7633876	-0.00141329	-50	0.028265803
115.8355628	0.001529249	50	0.030584989
115.923192	-0.001413851	-50	0.028277014
115.9438087	0.001527076	50	0.030541514
116.0108079	-0.001417425	-50	0.028348501
116.0881051	0.001525524	50	0.030510477
116.1447831	-0.001414632	-50	0.028292646
116.180848	0.00152815	50	0.030563008
116.2375169	-0.001421809	-50	0.028436171
116.3353865	0.001524952	50	0.030499039
116.3971904	-0.001420704	-50	0.028414076
116.4486886	0.001526918	50	0.030538352
116.5104804	-0.001415332	-50	0.02830664
116.5619685	0.001533295	50	0.030665906
116.6237483	-0.001416777	-50	0.02833554
116.6855215	0.001533844	50	0.030676881
116.731847	-0.001417537	-50	0.028350748
116.8193409	0.001531453	50	0.030629065
116.8810933	-0.001417063	-50	0.028341252
116.9274033	0.001529431	50	0.030588628
116.9685647	-0.001420976	-50	0.028419526
117.0457344	0.00153311	50	0.030662204
117.1126066	-0.001417616	-50	0.028352316
117.1640415	0.001532137	50	0.030642733
117.1949003	-0.001416512	-50	0.028330243
117.2874669	0.001529665	50	0.030593291
117.3337447	-0.001423288	-50	0.028465767
117.3903014	0.001526739	50	0.030534777
117.4211483	-0.001421984	-50	0.028439671
117.493118	0.001533176	50	0.030663528
117.5804978	-0.00142267	-50	0.028453403
117.6061953	0.001529911	50	0.030598211
117.6524479	-0.001426824	-50	0.028536485
117.7346658	0.001529542	50	0.030590841
117.7911839	-0.001418915	-50	0.028378293
117.8374219	0.001536196	50	0.030723915
117.8682453	-0.001416809	-50	0.02833618
117.9401601	0.00153679	50	0.030735792
118.0223377	-0.001417107	-50	0.028342136
118.0582868	0.001536132	50	0.030722633
118.0993689	-0.001419924	-50	0.028398482
118.1609865	0.001538767	50	0.030775349
118.2688019	-0.001421886	-50	0.028437727
118.2636683	0.001542208	50	0.030844164
118.304736	-0.001416724	-50	0.028334487
118.4125251	0.001539532	50	0.030790641
118.4843736	-0.001416365	-50	0.0283273
118.4895053	0.001538918	50	0.030778363
118.545951	-0.001414999	-50	0.028299987
118.6331748	0.00154238	50	0.0308476
118.6896069	-0.001421401	-50	0.028428011
118.7152561	0.001542171	50	0.030843416
118.7973259	-0.001414646	-50	0.028292919
118.8280992	0.001543688	50	0.03087375
118.9204094	-0.001423148	-50	0.028462958
118.9306653	0.001542505	50	0.030850093
119.0178325	-0.001420745	-50	0.028414906
119.0434674	0.001542235	50	0.030844706
119.1357442	-0.001420228	-50	0.028404567
119.1357442	0.001534827	50	0.030696543
119.2280067	-0.001424014	-50	0.028480276
119.2485075	0.001541402	50	0.030828046
119.3458768	-0.001422466	-50	0.028449322
119.3458768	0.001543836	50	0.030876711
119.453477	-0.001422567	-50	0.02845134
119.4586004	0.00154227	50	0.030845406
119.5508129	-0.001424472	-50	0.028489448
119.5764249	0.0015426	50	0.030852003
119.6686193	-0.001425122	-50	0.028502448
119.6993475	0.001542391	50	0.030847821
119.7505578	-0.00142419	-50	0.028483799
119.7966433	0.001544171	50	0.030883412
119.863205	-0.001421115	-50	0.028422305
119.9041624	0.001550736	50	0.031014715
119.9860688	-0.001420342	-50	0.028406832
120.0423729	0.00154776	50	0.030955209
120.1191427	-0.001422218	-50	0.028444362
120.1498479	0.001555666	50	0.031113323
120.2163704	-0.001421109	-50	0.028422189
120.3033503	0.001557171	50	0.031143417
120.3647403	-0.001421944	-50	0.028438873
120.4210089	0.001556028	50	0.031120554
120.4772723	-0.001423783	-50	0.028475658
120.5693284	0.001557439	50	0.031148789
120.6409178	-0.001423053	-50	0.028461065
120.7227239	0.001556835	50	0.031136695
120.748286	-0.001424003	-50	0.028480067
120.8403007	0.001557058	50	0.031141153
120.9118581	-0.001419047	-50	0.028380931
120.9680757	0.001561633	50	0.031232667
121.008958	-0.001423844	-50	0.028476881
121.1162609	0.001559681	50	0.031193614
121.1673509	-0.001426873	-50	0.028537459
121.2337613	0.001560842	50	0.03121683
121.2848414	-0.001426037	-50	0.028520743
121.3665605	0.001558185	50	0.031163691
121.453375	-0.001427361	-50	0.02854722
121.5146484	0.001563757	50	0.031275136
121.5657049	-0.00142624	-50	0.028524807
121.6320718	0.001561318	50	0.031226356
121.7341608	-0.001425946	-50	0.028518926
121.7903024	0.001558575	50	0.031171501
121.8413357	-0.00143057	-50	0.028611393
121.9178777	0.001561512	50	0.031230241
121.999512	-0.001428749	-50	0.028574989
122.0556292	0.001563337	50	0.031266734
122.1066404	-0.001425824	-50	0.028516472
122.1780489	0.001566944	50	0.031338881
122.2902455	-0.001428129	-50	0.028562581
122.3055434	0.001564677	50	0.031293537
122.3718301	-0.001429672	-50	0.028593435
122.4534038	0.001565018	50	0.031300364
122.5451613	-0.001425977	-50	0.028519547
122.56555	0.001567845	50	0.031356909
122.6216154	-0.001426101	-50	0.028522012
122.7082519	0.001567187	50	0.03134374
122.8101616	-0.001429275	-50	0.028585491
122.8203517	0.001565886	50	0.031317722
122.937525	-0.001430172	-50	0.028603443
122.9731821	0.001564567	50	0.031291343
123.075048	-0.001434125	-50	0.028682494
123.0852336	0.001564502	50	0.031290034
123.1972649	-0.001431874	-50	0.028637484
123.2329069	0.001565992	50	0.031319844
123.3550926	-0.001429133	-50	0.028582666
123.3449114	0.001567351	50	0.031347018
123.4619853	-0.0014366	-50	0.028731992
123.4925227	0.001561943	50	0.031238863
123.5943031	-0.001435223	-50	0.028704457
123.6095688	0.001563156	50	0.031263127
123.7062423	-0.00143885	-50	0.028776995
123.7367677	0.001560948	50	0.031218956
123.8334215	-0.00144226	-50	0.028845207
123.8741133	0.001561635	50	0.031232695
123.9453176	-0.001439873	-50	0.028797452
123.9809167	0.001562074	50	0.031241486
124.0978709	-0.001440088	-50	0.028801754
124.1131241	0.001568675	50	0.031373509
124.1995523	-0.001437527	-50	0.028750545
124.2503868	0.001569339	50	0.031386787
124.3418785	-0.001434132	-50	0.028682648
124.3622081	0.001570475	50	0.031409493
124.4435202	-0.001437277	-50	0.028745535
124.4892536	0.001572023	50	0.031440467
124.5654685	-0.001439225	-50	0.028784505
124.6162732	0.001566607	50	0.031332143
124.6975523	-0.001440747	-50	0.028814933
124.7534255	0.001568791	50	0.031375822
124.8092938	-0.001441209	-50	0.028824174
124.8803917	0.001566669	50	0.03133338
124.9413263	-0.001442055	-50	0.028841094
124.9768688	0.001568733	50	0.031374658
125.0479477	-0.001445462	-50	0.02890923
125.1190186	0.001561839	50	0.031236775
125.2002327	-0.001446549	-50	0.028930971
125.2560613	0.00156658	50	0.031331608
125.2966608	-0.001447625	-50	0.028952506
125.377852	0.00156734	50	0.031346803
125.4539592	-0.001447988	-50	0.028959769
125.4996191	0.001570318	50	0.031406368
125.5300573	-0.001444692	-50	0.028893845
125.6010739	0.001566574	50	0.031331472
125.6619389	-0.001447173	-50	0.028943468
125.7278694	0.001569709	50	0.031394184
125.7633676	-0.001446149	-50	0.028922986
125.8444989	0.001572375	50	0.031447501
125.9154803	-0.001448336	-50	0.028966717
125.9661764	0.001569953	50	0.031399057
125.9915229	-0.00145214	-50	0.029042806
126.092899	0.001569162	50	0.031383231
126.1537168	-0.001451129	-50	0.029022578
126.2043939	0.001569639	50	0.031392784
126.2347983	-0.001455451	-50	0.029109019
126.2956026	0.001567872	50	0.031357437
126.3614673	-0.00145215	-50	0.029043001
126.432391	0.001570396	50	0.031407915
126.4526535	-0.001452093	-50	0.029041867
126.5438266	0.001570654	50	0.031413077
126.6096657	-0.001451212	-50	0.029024232
126.6552427	0.001568799	50	0.031375974
126.6856255	-0.001455853	-50	0.029117053
126.7818283	0.00156998	50	0.031399601
126.837518	-0.001455333	-50	0.029106668
126.8881409	0.001569797	50	0.031395944
126.948883	-0.001457589	-50	0.029151772
126.9994971	0.001568567	50	0.031371348
127.0804712	-0.00145708	-50	0.029141592
127.1007131	0.001564735	50	0.03129471
127.1411951	-0.001460221	-50	0.029204413
127.2221514	0.001569319	50	0.03138639
127.328391	-0.001457769	-50	0.02915539
127.3081563	0.001569271	50	0.031385428
127.4093238	-0.001460178	-50	0.029203567
127.4346131	0.001567339	50	0.031346776
127.5458747	-0.001463994	-50	0.029279881
127.5458747	0.001567643	50	0.031352863
127.6520609	-0.00146475	-50	0.029295004
127.6773408	0.00156717	50	0.031343391
127.7733952	-0.001464814	-50	0.02929628
127.7531744	0.001565677	50	0.031313541
127.864381	-0.001463384	-50	0.029267679
127.8845983	0.001564924	50	0.031298482
127.9856755	-0.001465597	-50	0.029311935
127.9705149	0.001567398	50	0.031347968
128.0917895	-0.001464132	-50	0.029282641
128.1069472	0.001571211	50	0.031424221
128.1978861	-0.001462522	-50	0.029250435
128.2180931	0.001572322	50	0.031446434
128.27871	-0.001464245	-50	0.029284907
128.3292199	0.001569181	50	0.031383622
128.4302277	-0.001467003	-50	0.029340067
128.4201276	0.001568724	50	0.031374476
128.5059733	-0.001466079	-50	0.029321576
128.5514165	0.001568574	50	0.03137147
128.6422932	-0.001466511	-50	0.029330211
128.6422932	0.001568435	50	0.031368709
128.7382049	-0.001467796	-50	0.02935592
128.7735372	0.001567442	50	0.03134883
128.8542897	-0.001470682	-50	0.029413638
128.864383	0.001567718	50	0.031354365
128.9602621	-0.001470004	-50	0.029400088
128.9955824	0.001564407	50	0.031288132
129.0763074	-0.001470136	-50	0.029402717
129.0914422	0.00156414	50	0.031282795
129.187288	-0.001471836	-50	0.02943673
129.2074643	0.001564574	50	0.031291483
129.2982498	-0.001473338	-50	0.029466763
129.3032931	0.001562291	50	0.031245829
129.3991079	-0.001473501	-50	0.029470019
129.4344045	0.001568993	50	0.031379861
129.5201171	-0.001470745	-50	0.029414906
129.5150755	0.001566757	50	0.031335142
129.5957365	-0.001473054	-50	0.029461074
129.641104	0.001565683	50	0.031313652
129.7217496	-0.001473608	-50	0.029472153
129.7167096	0.001566444	50	0.031328873
129.8124641	-0.001473535	-50	0.029470709
129.8376604	0.001567801	50	0.031356013
129.9182819	-0.001475696	-50	0.029513913
129.9384358	0.001567737	50	0.03135474
130.0089694	-0.001473629	-50	0.029472586
130.019045	0.001569901	50	0.031398022
130.1147557	-0.001474622	-50	0.029492444
130.1550508	0.001570597	50	0.031411948
130.2305975	-0.001474642	-50	0.029492844
130.2658496	0.001570858	50	0.031417161
130.3262776	-0.001474517	-50	0.029490348
130.3615246	0.001568421	50	0.031368418
130.4471168	-0.001472873	-50	0.029457467
130.4672546	0.001570152	50	0.031403041
130.532698	-0.001474501	-50	0.029490021
130.5880682	0.001573879	50	0.031477583
130.6434337	-0.001474627	-50	0.029492532
130.678664	0.001570841	50	0.031416824
130.7239572	-0.001475708	-50	0.029514162
130.7994391	0.001574781	50	0.03149562
130.8346611	-0.001476194	-50	0.029523881
130.8698812	0.001578072	50	0.031561439
130.9201924	-0.001476042	-50	0.029520846
130.9855913	0.001577411	50	0.031548214
131.0409237	-0.001474794	-50	0.029495872
131.0861924	0.001577827	50	0.031556535
131.1364872	-0.001476553	-50	0.029531063
131.2068937	0.001574867	50	0.031497332
131.2420941	-0.001480269	-50	0.029605379
131.2974054	0.001567981	50	0.031359613
131.3326011	-0.00148572	-50	0.029714408
131.4029869	0.001566501	50	0.03133003
131.4582848	-0.001486647	-50	0.029732939
131.4884454	0.001568008	50	0.031360158
131.5336837	-0.001488179	-50	0.029763574
131.5939968	0.001567095	50	0.031341909
131.6492789	-0.001485591	-50	0.029711826
131.7045566	0.001571822	50	0.031436439
131.7146065	-0.001482758	-50	0.029655161
131.7799278	0.001574108	50	0.031482168
131.8452427	-0.001479757	-50	0.029595135
131.8703621	0.001576285	50	0.031525695
131.9105513	-0.001481756	-50	0.029635128
131.9658074	0.001577438	50	0.031548769
132.0511943	-0.001483625	-50	0.029672507
132.0562168	0.001575306	50	0.031506118
132.111461	-0.001481807	-50	0.029636143
132.1516357	0.001579156	50	0.031583123
132.2520621	-0.00148019	-50	0.029603795
132.231978	0.00158092	50	0.031618393
132.2972491	-0.001483667	-50	0.029673334
132.3574937	0.001580396	50	0.031607912
132.4478506	-0.00148464	-50	0.029692796
132.417733	0.001582386	50	0.031647728
132.5231388	-0.00147972	-50	0.029594391
132.5532517	0.00158331	50	0.031666194
132.6586364	-0.001481171	-50	0.029623412
132.6184918	0.001581198	50	0.031623953
132.6987786	-0.001482566	-50	0.02965132
132.7339012	0.001581064	50	0.031621275
132.8242078	-0.001485501	-50	0.02971002
132.8141744	0.00158298	50	0.03165959
132.8944381	-0.001481871	-50	0.029637421
132.9195185	0.001583237	50	0.031664747
133.0198311	-0.001481271	-50	0.029625425
132.9797078	0.00158285	50	0.031657009
133.0749967	-0.001481977	-50	0.029639544
133.1050852	0.001583083	50	0.031661655
133.1903286	-0.001480185	-50	0.029603697
133.1903286	0.001588907	50	0.031778143
133.2805746	-0.001479397	-50	0.02958794
133.2956145	0.001588657	50	0.031773143
133.3657961	-0.001476199	-50	0.029523983
133.3808341	0.00158795	50	0.031758999
133.4510069	-0.001480214	-50	0.029604281
133.4860906	0.001590424	50	0.031808471
133.5512413	-0.001477842	-50	0.029556836
133.5712864	0.001589347	50	0.031786947
133.6414397	-0.001479454	-50	0.029589077
133.6564716	0.001591588	50	0.031831757
133.7266161	-0.0014797	-50	0.029593999
133.7616857	0.001590577	50	0.031811543
133.8218008	-0.001482722	-50	0.02965444
133.841838	0.001592493	50	0.031849853
133.8969373	-0.001481972	-50	0.029639439
133.9620489	0.001592853	50	0.031857065
133.9971064	-0.00148375	-50	0.029674999
134.0572009	0.001583346	50	0.031666922
134.0772312	-0.001487137	-50	0.029742736
134.1222973	0.001585578	50	0.031711566
134.1773741	-0.001488318	-50	0.029766365
134.2324465	0.001588716	50	0.031774321
134.2574779	-0.001486848	-50	0.029736963
134.3125439	0.001591383	50	0.03182767
134.3676054	-0.001490499	-50	0.029809983
134.3976371	0.001586438	50	0.031728756
134.4376774	-0.001491249	-50	0.029824981
134.4877244	0.001588908	50	0.031778159
134.5727961	-0.001491497	-50	0.029829933
134.5677922	0.001586713	50	0.031734265
134.6078226	-0.001491106	-50	0.029822125
134.6828733	0.001592235	50	0.031844701
134.7579159	-0.00148676	-50	0.029735194
134.7329026	0.001590895	50	0.031817906
134.8279483	-0.001490786	-50	0.029815716
134.8429543	0.001590287	50	0.031805744
134.9179795	-0.001492855	-50	0.029857096
134.9079766	0.001586497	50	0.031729938
134.9979975	-0.001492338	-50	0.029846761
135.0180005	0.001584595	50	0.031691891
135.103007	-0.001495772	-50	0.029915444
135.0980069	0.001587576	50	0.031751519
135.1730046	-0.001498121	-50	0.029962412
135.1930026	0.001582978	50	0.031659558
135.26799	-0.00150332	-50	0.0300664
135.2729889	0.001579103	50	0.031582062
135.3429693	-0.001501492	-50	0.030029849
135.3679606	0.00158192	50	0.031638404
135.4279361	-0.00150313	-50	0.030062607
135.4979009	0.001582985	50	0.031659701
135.5278837	-0.001502936	-50	0.030058712
135.5478716	0.001584478	50	0.031689558
135.592842	-0.00150071	-50	0.030014202
135.6677864	0.001585549	50	0.031710975
135.7027577	-0.001500842	-50	0.030016836
135.7427227	0.001587575	50	0.031751508
135.772695	-0.001500522	-50	0.030010444
135.8426253	0.001584289	50	0.031685774
135.8875768	-0.00150169	-50	0.030033791
135.9075543	0.001584357	50	0.031687134
135.9475077	-0.001501454	-50	0.03002907
136.0074334	0.00158731	50	0.03174621
136.047381	-0.001499122	-50	0.029982446
136.0823333	0.001587698	50	0.03175397
136.1172839	-0.001499724	-50	0.029994475
136.1722027	0.00158796	50	0.0317592
136.2221252	-0.001499007	-50	0.029980131
136.2420931	0.001588155	50	0.031763101
136.2970022	-0.001499362	-50	0.029987246
136.3319421	0.001590901	50	0.031818028
136.3968258	-0.001499777	-50	0.029995546
136.3968258	0.001596779	50	0.031935574
136.4467323	-0.001499656	-50	0.029993128
136.4916451	0.001593768	50	0.031875351
136.5764726	-0.001500318	-50	0.03000635
136.5565142	0.001594085	50	0.031881698
136.6363447	-0.001503239	-50	0.030064785
136.656301	0.001592236	50	0.031844715
136.746097	-0.001503834	-50	0.030076671
136.7261434	0.001591518	50	0.031830363
136.8009668	-0.001503253	-50	0.030065062
136.8259062	0.001592832	50	0.031856644
136.9007191	-0.001501848	-50	0.030036958
136.9007191	0.00159065	50	0.031812996
136.9505899	-0.001506514	-50	0.030130277
137.0004573	0.00158884	50	0.031776804
137.0702656	-0.001507667	-50	0.030153342
137.0553073	0.001587979	50	0.031759572
137.1300959	-0.001506172	-50	0.030123444
137.1550237	0.001589937	50	0.031798743
137.2048766	-0.001507308	-50	0.030146162
137.2497412	0.001589402	50	0.031788038
137.2946031	-0.001508022	-50	0.030160445
137.3245094	0.001588673	50	0.031773469
137.3843182	-0.001509368	-50	0.03018735
137.4241879	0.001590011	50	0.031800211
137.4640554	-0.001506669	-50	0.030133374
137.5138867	0.001590084	50	0.031801683
137.5338182	-0.001509381	-50	0.03018762
137.5836445	0.001590068	50	0.031801354
137.6334674	-0.001504836	-50	0.030096724
137.6484136	0.001596296	50	0.031925922
137.678305	-0.001502746	-50	0.030054925
137.7530281	0.001594056	50	0.031881128
137.80782	-0.001507202	-50	0.030144036
137.8177817	0.001592428	50	0.031848551
137.8626077	-0.001507668	-50	0.030153369
137.9124111	0.00159504	50	0.031900798
137.9721705	-0.001509671	-50	0.030193417
137.98213	0.001597981	50	0.031959622
138.0070279	-0.001508165	-50	0.030163294
138.0618003	0.001597588	50	0.031951767
138.1514189	-0.001506461	-50	0.030129218
138.126526	0.00159672	50	0.031934392
138.196224	-0.001506739	-50	0.030134778
138.2360484	0.001595377	50	0.031907535
138.3057357	-0.00150827	-50	0.030165407
138.3007583	0.00160336	50	0.032067199
138.3604853	-0.001504389	-50	0.030087773
138.390347	0.001600089	50	0.032001783
138.4849007	-0.001507474	-50	0.03014947
138.4500666	0.001597607	50	0.031952149
138.5296849	-0.001506571	-50	0.03013142
138.5545639	0.001601836	50	0.032036727
138.6142698	-0.001506195	-50	0.030123899
138.6142698	0.001597914	50	0.031958287
138.69387	-0.00151098	-50	0.030219592
138.6988447	0.00159525	50	0.031905003
138.7585386	-0.001514935	-50	0.030298697
138.8082798	0.001592152	50	0.031843049
138.8580175	-0.001516325	-50	0.030326493
138.8729382	0.001594326	50	0.031886524
138.9176983	-0.00151713	-50	0.030342598
138.9674285	0.001594753	50	0.031895058
139.0072102	-0.00151753	-50	0.030350591
139.0420174	0.001594639	50	0.031892782
139.0768229	-0.001516059	-50	0.03032118
139.1215703	0.001594938	50	0.031898767
139.156372	-0.001516075	-50	0.030321498
139.1862007	0.001595632	50	0.03191265
139.2160281	-0.001513652	-50	0.030273047
139.2657377	0.00159645	50	0.031928992
139.3204144	-0.001514624	-50	0.030292483
139.3353255	0.00159973	50	0.031994601
139.3701169	-0.001514784	-50	0.030295672
139.4247857	0.001597541	50	0.03195083
139.4794504	-0.001515781	-50	0.030315611
139.5142349	0.001598376	50	0.031967525
139.5390799	-0.001513677	-50	0.030273536
139.5837988	0.001597937	50	0.03195875
139.6533561	-0.001515694	-50	0.030313879
139.6384515	0.001603377	50	0.032067533
139.6881322	-0.001517389	-50	0.030347778
139.7378095	0.001597422	50	0.031948449
139.8172862	-0.001520998	-50	0.030419955
139.7825162	0.001596996	50	0.03193992
139.8570212	-0.00151931	-50	0.030386193
139.8868211	0.001597151	50	0.031943011
139.9613155	-0.001520932	-50	0.030418644
139.9364849	0.001596062	50	0.031921234
140.0209055	-0.001522324	-50	0.030446483
140.0308367	0.001593541	50	0.031870821
140.1152463	-0.001524061	-50	0.030481221
140.0953861	0.001599202	50	0.03198403
140.1648945	-0.001521291	-50	0.030425823
140.1847529	0.00159815	50	0.031962993
140.2542528	-0.001521276	-50	0.030425525
140.2492887	0.00159738	50	0.031947594
140.3038915	-0.001521787	-50	0.030435736
140.3287096	0.001597597	50	0.031951939
140.3783433	-0.001523711	-50	0.030474225
140.4378993	0.001599034	50	0.031980687
140.4676755	-0.001521264	-50	0.030425289
140.5024129	0.001600437	50	0.03200874
140.5470727	-0.001519031	-50	0.030380613
140.5917299	0.001598309	50	0.031966174
140.6115767	-0.001526889	-50	0.030537778
140.6562299	0.001596738	50	0.031934768
140.6711137	-0.001526549	-50	0.030530972
140.7356067	0.00159876	50	0.031975206
140.7802524	-0.001527369	-50	0.030547373
140.7951337	0.001598678	50	0.031973564
140.8199352	-0.001523983	-50	0.030479652
140.8943346	0.001601156	50	0.032023128
140.9389707	-0.001522062	-50	0.030441232
140.958808	0.001605579	50	0.032111587
140.9885631	-0.001522408	-50	0.03044817
141.0282347	0.001603715	50	0.032074292
141.1075713	-0.001522038	-50	0.030440754
141.0679041	0.001603726	50	0.032074512
141.1571524	-0.001520028	-50	0.030400557
141.1819417	0.00160747	50	0.032149407
141.24639	-0.001519817	-50	0.030396333
141.2414326	0.001606937	50	0.032138748
141.3108326	-0.001521113	-50	0.030422269
141.33066	0.001608386	50	0.032167713
141.3802261	-0.001519021	-50	0.03038041
141.3703132	0.001610558	50	0.032211167
141.4496131	-0.001519314	-50	0.030386276
141.4743926	0.001608989	50	0.032179786
141.548726	-0.001521153	-50	0.030423069
141.5239491	0.001610074	50	0.032201477
141.5933225	-0.001519312	-50	0.030386235
141.6230521	0.001607932	50	0.032158644
141.7023249	-0.001524308	-50	0.030486161
141.6973706	0.001608189	50	0.032163771
141.7518661	-0.001519608	-50	0.030392151
141.761774	0.001609485	50	0.032189705
141.8311252	-0.001522368	-50	0.030447354
141.8311252	0.001605986	50	0.032119727
141.895517	-0.001523518	-50	0.030470365
141.9153288	0.001606911	50	0.032138218
141.9648558	-0.001526785	-50	0.030535702
142.004475	0.00160454	50	0.032090797
142.0539961	-0.001525851	-50	0.030517029
142.0787554	0.001608285	50	0.032165705
142.1233201	-0.001526925	-50	0.030538505
142.1827355	0.001607081	50	0.032141627
142.2025396	-0.001527517	-50	0.030550333
142.2371955	0.001606054	50	0.032121071
142.2520476	-0.001529854	-50	0.030597085
142.3114527	0.001607266	50	0.032145318
142.3411535	-0.001528465	-50	0.030569296
142.3807528	0.001605393	50	0.032107855
142.3906523	-0.001528459	-50	0.030569173
142.4351983	0.00160853	50	0.032170594
142.4846908	-0.001529548	-50	0.030590968
142.5193336	0.001608031	50	0.032160626
142.5589234	-0.001529631	-50	0.030592613
142.5985111	0.00161003	50	0.032200605
142.6529408	-0.001529056	-50	0.030581125
142.6578887	0.001609086	50	0.032181716
142.6925235	-0.001529576	-50	0.030591522
142.7469463	0.001610721	50	0.032214411
142.7964182	-0.001526237	-50	0.030524744
142.781577	0.001610908	50	0.032218163
142.8409401	-0.001528182	-50	0.030563649
142.8755664	0.001610873	50	0.032217464
142.9398682	-0.001528836	-50	0.030576716
142.9151374	0.0016116	50	0.032231991
142.9942731	-0.001528976	-50	0.030579523
143.0288924	0.001610252	50	0.032205043
143.093181	-0.001530098	-50	0.030601957
143.0684553	0.001609225	50	0.032184507
143.1376853	-0.001531162	-50	0.030623234
143.1525195	0.001610966	50	0.03221932
143.206909	-0.001530895	-50	0.030617903
143.2167976	0.001609489	50	0.032189788
143.2662386	-0.00153109	-50	0.030621792
143.2810702	0.001611341	50	0.03222681
143.3799405	-0.001531473	-50	0.030629453
143.3651108	0.001610526	50	0.032210523
143.414542	-0.001531071	-50	0.030621414
143.4392564	0.001612169	50	0.032243376
143.4837403	-0.001531402	-50	0.030628036
143.5282215	0.001612423	50	0.03224845
143.5776421	-0.00153133	-50	0.030626596
143.6023511	0.001613907	50	0.032278146
143.6369425	-0.001527626	-50	0.030552524
143.6715322	0.001614149	50	0.03228297
143.7061204	-0.001530941	-50	0.030618824
143.7308252	0.001616657	50	0.032333135
143.7802326	-0.001529358	-50	0.030587154
143.8296366	0.001617553	50	0.032351057
143.8592775	-0.001531462	-50	0.03062924
143.8740976	0.001615204	50	0.032304086
143.9037367	-0.001532443	-50	0.030648854
143.967951	0.001613089	50	0.032261779
143.9877081	-0.001532568	-50	0.030651356
144.0222818	0.001615513	50	0.032310264
144.0272208	-0.001531931	-50	0.030638617
144.0963631	0.001616342	50	0.032326841
144.1457466	-0.001529679	-50	0.030593576
144.160561	0.001617168	50	0.032343359
144.1852511	-0.001529532	-50	0.03059064
144.2198158	0.001616062	50	0.032321238
144.2988151	-0.001532456	-50	0.030649129
144.279066	0.001615982	50	0.032319647
144.3333747	-0.001536067	-50	0.030721336
144.3679327	0.001614179	50	0.032283577
144.4518528	-0.001535248	-50	0.030704958
144.422235	0.001615065	50	0.032301304
144.4864054	-0.001535522	-50	0.030710446
144.5012132	0.00161778	50	0.032355598
144.5752479	-0.001535106	-50	0.030702127
144.5505705	0.001615012	50	0.032300238
144.6196653	-0.001536365	-50	0.030727299
144.6246004	0.001615281	50	0.032305628
144.6986231	-0.001538064	-50	0.030761281
144.6690149	0.001640235	50	0.032804697
144.738099	-0.001538959	-50	0.030779177
144.7627703	0.001612326	50	0.032246512
144.8170446	-0.001538073	-50	0.030761457
144.8219784	0.001613852	50	0.032277043
144.8861153	-0.00153908	-50	0.030781591
144.895982	0.0016176	50	0.032351996
144.9354477	-0.00153873	-50	0.030774605
144.9847769	0.001614785	50	0.032295699
145.0094403	-0.001538839	-50	0.030776778
145.0390354	0.001615905	50	0.032318099
145.0686293	-0.001537316	-50	0.030746315
145.1327456	0.001617017	50	0.032340338
145.1623359	-0.001539402	-50	0.030788049
145.1771306	0.001615595	50	0.032311909
145.1968565	-0.001540251	-50	0.030805015
145.256031	0.001616651	50	0.032333016
145.2954782	-0.001537917	-50	0.030758332
145.3201316	0.001616059	50	0.032321188
145.3546451	-0.00153883	-50	0.030776595
145.3792967	0.001618737	50	0.032374738
145.443387	-0.001535484	-50	0.030709685
145.4483168	0.001617633	50	0.032352655
145.477895	-0.001540334	-50	0.030806679
145.5271894	0.001617041	50	0.032340816
145.5764807	-0.001542009	-50	0.030840174
145.5764807	0.001620512	50	0.032410244
145.6208401	-0.00153959	-50	0.030791809
145.6553401	0.00161965	50	0.032393007
145.7194075	-0.001540653	-50	0.030813054
145.7046232	0.001619106	50	0.032382124
145.7736142	-0.001536156	-50	0.030723118
145.7834696	0.001620119	50	0.032402384
145.862308	-0.001539354	-50	0.030787076
145.8425991	0.001619207	50	0.032384144
145.906651	-0.001540659	-50	0.030813181
145.9214314	0.001619226	50	0.032384513
145.9904031	-0.001540978	-50	0.030819558
145.9854768	0.001621312	50	0.03242624
146.0445908	-0.001541218	-50	0.030824351
146.0593687	0.00162109	50	0.03242179
146.0938491	-0.001541904	-50	0.030838077
146.1135516	0.001620787	50	0.032415741
146.1677307	-0.001539037	-50	0.030780732
146.1874312	0.0016211	50	0.032421994
146.2071313	-0.001541763	-50	0.030835262
146.2563793	0.00162059	50	0.032411805
146.2760776	-0.001541943	-50	0.030838854
146.3154727	0.001619195	50	0.032383904
146.3302454	-0.001543403	-50	0.030868062
146.3893332	0.001622056	50	0.032441115
146.4090281	-0.001541248	-50	0.030824954
146.4336461	0.001621697	50	0.032433946
146.4631866	-0.001542974	-50	0.030859483
146.5271873	0.00162225	50	0.032444997
146.5567243	-0.001542683	-50	0.030853668
146.576415	0.001623518	50	0.032470362
146.6010276	-0.001543386	-50	0.030867725
146.6404063	0.001623875	50	0.032477508
146.6896269	-0.001543791	-50	0.030875826
146.714236	0.001626868	50	0.032537352
146.7339227	-0.001539553	-50	0.030791068
146.778216	0.001627933	50	0.032558654
146.8520326	-0.001539601	-50	0.030792012
146.8274278	0.001626014	50	0.032520289
146.8815573	-0.001540205	-50	0.03080409
146.9160013	0.001625932	50	0.032518637
146.9799649	-0.001542628	-50	0.030852569
146.9553641	0.001624938	50	0.032498768
147.0144046	-0.001543522	-50	0.030870444
147.058682	0.001624663	50	0.032493259
147.1029569	-0.001544305	-50	0.030886099
147.07836	0.001625937	50	0.032518742
147.1423103	-0.00154305	-50	0.030861005
147.1767429	0.001624981	50	0.032499623
147.2111739	-0.00154509	-50	0.030901795
147.2111739	0.001625481	50	0.032509617
147.2701951	-0.00154512	-50	0.030902391
147.2751133	0.001624223	50	0.032484465
147.3488831	-0.001545093	-50	0.030901869
147.324294	0.001625594	50	0.032511885
147.3734715	-0.001544138	-50	0.030882764
147.4078939	0.001625304	50	0.032506089
147.4521491	-0.001547213	-50	0.03094426
147.4865681	0.001625948	50	0.032518954
147.5209856	-0.001547611	-50	0.030952227
147.5357355	0.001621808	50	0.032436155
147.5799835	-0.001547696	-50	0.030953928
147.624229	0.001621642	50	0.032432833
147.6586405	-0.001547235	-50	0.030944702
147.6586405	0.001624715	50	0.032494308
147.697966	-0.001547558	-50	0.030951155
147.7471202	0.001623473	50	0.032469464
147.7864413	-0.001549376	-50	0.030987522
147.7962713	0.001625867	50	0.032517335
147.83559	-0.001548371	-50	0.030967417
147.8945643	0.001625662	50	0.032513233
147.9093072	-0.00154669	-50	0.030933807
147.9338781	0.001627091	50	0.032541818
147.9486203	-0.001548493	-50	0.030969862
147.9879313	0.001623529	50	0.032470587
148.0272405	-0.001549139	-50	0.030982784
148.0419809	0.001621869	50	0.032437377
148.0714609	-0.001551312	-50	0.031026243
148.1107659	0.001624972	50	0.032499433
148.1746323	-0.001553228	-50	0.031064554
148.1549817	0.001623156	50	0.032463125
148.199195	-0.001552145	-50	0.031042906
148.2434058	0.001625017	50	0.032500349
148.2974379	-0.001551388	-50	0.031027761
148.2728783	0.001627031	50	0.032540618
148.3367317	-0.001551564	-50	0.031031284
148.3612893	0.001623878	50	0.032477554
148.4251355	-0.001552101	-50	0.031042023
148.4104022	0.001624875	50	0.032497502
148.4742445	-0.001552517	-50	0.031050341
148.4938873	0.001625423	50	0.032508461
148.5577228	-0.001551398	-50	0.031027964
148.5380817	0.001626229	50	0.03252458
148.6068236	-0.001551299	-50	0.031025971
148.6313729	0.001624742	50	0.032494836
148.6755596	-0.001552561	-50	0.031051219
148.6755596	0.001624606	50	0.032492122
148.7344715	-0.001552435	-50	0.031048708
148.7541078	0.001626007	50	0.032520134
148.793379	-0.001553404	-50	0.031068087
148.8031965	0.001624568	50	0.032491362
148.8620989	-0.001552002	-50	0.031040042
148.8817321	0.00162537	50	0.0325074
148.916089	-0.001552527	-50	0.031050543
148.96026	0.001624826	50	0.032496521
148.9847983	-0.001553681	-50	0.031073629
149.0191508	0.001627358	50	0.032547156
149.0436874	-0.00155421	-50	0.031084205
149.0878513	0.00162475	50	0.032494996
149.1221993	-0.00155183	-50	0.031036602
149.1467327	0.001625514	50	0.032510281
149.1761718	-0.001554868	-50	0.031097358
149.2203284	0.001627313	50	0.032546262
149.2448587	-0.001553576	-50	0.031071527
149.2595766	0.001628765	50	0.032575309
149.3135398	-0.001555836	-50	0.031116722
149.3478781	0.001627365	50	0.032547301
149.3724046	-0.001554769	-50	0.031095376
149.4018354	0.001623883	50	0.032477665
149.4459796	-0.001554257	-50	0.031085149
149.4754076	0.001624105	50	0.0324821
149.5391648	-0.001555272	-50	0.031105437
149.524452	0.001624353	50	0.032487061
149.5636854	-0.001559057	-50	0.031181138
149.598013	0.001626045	50	0.032520907
149.6666639	-0.001557511	-50	0.031150228
149.656857	0.00162698	50	0.032539595
149.7205997	-0.001555963	-50	0.031119263
149.7353088	0.001627482	50	0.032549641
149.8039479	-0.001558148	-50	0.031162961
149.7745319	0.001625959	50	0.032519182
149.8627768	-0.001559342	-50	0.031186845
149.8823855	0.001624104	50	0.032482075
149.9461103	-0.001559998	-50	0.03119996
149.9216014	0.00162614	50	0.032522809
149.9804217	-0.001559278	-50	0.031185562
150.0098302	0.001628079	50	0.032561575
150.063743	-0.001559629	-50	0.031192577
150.0441388	0.001627184	50	0.032543685
150.1176523	-0.001559691	-50	0.031193825
150.1372547	0.001626248	50	0.032524965
150.2058596	-0.00155841	-50	0.0311682
150.1813586	0.001628326	50	0.032566519
150.2548596	-0.001559574	-50	0.031191473
150.269559	0.00162854	50	0.032570798
150.318555	-0.001558299	-50	0.03116598
150.3479513	0.001630468	50	0.032609358
150.3773464	-0.001559193	-50	0.031183857
150.4018415	0.001630406	50	0.032608112
150.4214371	-0.001558855	-50	0.03117709
150.4851195	0.001631771	50	0.032635422
150.5096114	-0.00155841	-50	0.031168194
150.5438988	0.001631174	50	0.032623474
150.5585929	-0.001557833	-50	0.03115666
150.6173669	0.001630413	50	0.032608257
150.6418548	-0.001559421	-50	0.03118841
150.6712392	0.001629825	50	0.032596493
150.6908283	-0.001561222	-50	0.031224449
150.7446958	0.001630829	50	0.032616584
150.7789733	-0.001558826	-50	0.031176517
150.8034563	0.001630134	50	0.032602688
150.8230422	-0.001557397	-50	0.031147949
150.8769009	0.001632956	50	0.03265911
150.9111728	-0.001557633	-50	0.031152668
150.9307561	0.001631938	50	0.032638767
150.9503389	-0.001559205	-50	0.031184095
150.9992939	0.001631651	50	0.032633023
151.0678259	-0.001561579	-50	0.031231578
151.053141	0.001631823	50	0.032636464
151.1069845	-0.001560893	-50	0.031217852
151.1363522	0.001631847	50	0.032636938
151.1999786	-0.001556912	-50	0.031138237
151.1706132	0.00163236	50	0.032647208
151.2293429	-0.001559511	-50	0.031190218
151.2587062	0.001634263	50	0.032685257
151.3272165	-0.001559059	-50	0.031181189
151.3125362	0.001633888	50	0.032677755
151.3614694	-0.001559134	-50	0.031182675
151.3663626	0.001631154	50	0.032623072
151.4495419	-0.001561772	-50	0.031235438
151.4201855	0.001633275	50	0.032665497
151.4740048	-0.001560893	-50	0.031217865
151.4886822	0.001632908	50	0.032658152
151.5571732	-0.001560641	-50	0.031212817
151.5473891	0.001632457	50	0.03264914
151.5914165	-0.001560627	-50	0.031212541
151.6158752	0.00163523	50	0.032704603
151.650116	-0.001563072	-50	0.031261443
151.6696816	0.001634705	50	0.032694092
151.6941379	-0.001560285	-50	0.031205701
151.7283756	0.001633123	50	0.032662459
151.7675025	-0.001560247	-50	0.031204938
151.7919559	0.001635271	50	0.03270542
151.8164086	-0.001565331	-50	0.031306611
151.8506411	0.001633887	50	0.032677732
151.8653118	-0.001562284	-50	0.031245677
151.8995423	0.001635229	50	0.032704583
151.9239917	-0.001564403	-50	0.031288067
151.9386611	0.001634665	50	0.032693291
151.9679989	-0.001563457	-50	0.031269134
152.0315608	0.001634345	50	0.032686907
152.0266716	-0.001563959	-50	0.031279187
152.0608953	0.00163474	50	0.032694806
152.08534	-0.001564289	-50	0.031285778
152.12445	0.001635452	50	0.032709038
152.1488928	-0.001564925	-50	0.031298505
152.1733349	0.001635949	50	0.032718975
152.192888	-0.00156511	-50	0.031302205
152.2271049	0.001637114	50	0.032742276
152.285759	-0.001567823	-50	0.031356469
152.2662081	0.001633364	50	0.032667288
152.3053095	-0.001565282	-50	0.031305644
152.3248595	0.001636953	50	0.032739053
152.3835067	-0.001565976	-50	0.031319513
152.3688453	0.001637179	50	0.03274357
152.4079419	-0.001565008	-50	0.031300162
152.4274894	0.00163481	50	0.032696191
152.4861294	-0.001567182	-50	0.031343641
152.4616966	0.001636594	50	0.032731889
152.5301066	-0.001565302	-50	0.031306046
152.5203341	0.001636144	50	0.032722874
152.5838534	-0.001563391	-50	0.031267812
152.5740815	0.001638173	50	0.032763467
152.598511	-0.001565591	-50	0.031311825
152.6229397	0.001637351	50	0.032747026
152.6815658	-0.001565259	-50	0.031305185
152.6717951	0.001638237	50	0.032764737
152.7304177	-0.001566566	-50	0.031331329
152.7450728	0.001637609	50	0.032752171
152.7792668	-0.001568345	-50	0.0313669
152.7890362	0.00163669	50	0.032733794
152.8183439	-0.001568257	-50	0.031365134
152.8525349	0.001637842	50	0.032756842
152.8671878	-0.001567548	-50	0.031350961
152.9111448	0.001636003	50	0.032720054
152.9209127	-0.001569302	-50	0.031386047
152.9599832	0.001636648	50	0.032732957
152.9648669	-0.001569567	-50	0.031391342
152.9892848	0.00163749	50	0.032749799
153.0185855	-0.001571777	-50	0.031435547
153.047885	0.001639915	50	0.03279831
153.0674175	-0.001571327	-50	0.03142653
153.0967154	0.001635414	50	0.03270828
153.1357776	-0.001569043	-50	0.031380857
153.1504255	0.001638131	50	0.032762622
153.1553081	-0.00157028	-50	0.031405601
153.1943675	0.001635359	50	0.032707177
153.2334252	-0.001571863	-50	0.031437269
153.2334252	0.001636575	50	0.032731495
153.2773628	-0.001572008	-50	0.031440153
153.2920082	0.001635403	50	0.032708063
153.3554685	-0.001571421	-50	0.031428423
153.3310613	0.001636911	50	0.03273821
153.3603498	-0.001571356	-50	0.031427115
153.3896374	0.001638182	50	0.03276363
153.4286859	-0.001570898	-50	0.031417952
153.4140429	0.001638307	50	0.032766135
153.4726133	-0.001571525	-50	0.031430497
153.4872552	0.00163936	50	0.032787203
153.5360598	-0.001572196	-50	0.031443914
153.5165383	0.001639284	50	0.032785689
153.5702214	-0.001572629	-50	0.031452586
153.5946216	0.00163825	50	0.032764999
153.6385403	-0.001573114	-50	0.031462277
153.6190212	0.001638011	50	0.032760224
153.6726976	-0.001572438	-50	0.031448768
153.6922155	0.001639411	50	0.032788217
153.7410082	-0.001569349	-50	0.031386982
153.7507664	0.001641625	50	0.032832499
153.7702824	-0.001572989	-50	0.031459771
153.7946768	0.001638491	50	0.032769815
153.8288278	-0.001570886	-50	0.031417713
153.8532205	0.001637984	50	0.032759684
153.8727342	-0.001573602	-50	0.031472034
153.9020038	0.001639798	50	0.032795956
153.9361504	-0.001572453	-50	0.031449054
153.9556621	0.001640288	50	0.032805764
153.9751734	-0.001574758	-50	0.031495152
154.0044395	0.001638336	50	0.032766717
154.0141946	-0.001574197	-50	0.031483933
154.0629685	0.001639514	50	0.032790288
154.0873544	-0.001572681	-50	0.031453616
154.0922315	0.001642164	50	0.032843283
154.1068626	-0.001571724	-50	0.031434472
154.1507544	0.001640295	50	0.032805904
154.1751378	-0.001574401	-50	0.031488023
154.1848909	0.001639886	50	0.032797728
154.2043969	-0.001576049	-50	0.031520979
154.2287787	0.001640466	50	0.032809327
154.2580359	-0.001576151	-50	0.031523012
154.2677881	0.001640012	50	0.032800242
154.2824162	-0.001576458	-50	0.031529151
154.3067957	0.001639849	50	0.032796989
154.3799301	-0.001577152	-50	0.031543037
154.3506771	0.001637297	50	0.032745931
154.3896809	-0.001576792	-50	0.031535842
154.4043068	0.001638744	50	0.032774884
154.4823076	-0.001577329	-50	0.031546572
154.438433	0.001639704	50	0.032794071
154.4774327	-0.001575729	-50	0.031514584
154.511556	0.001638749	50	0.032774977
154.5700498	-0.001578521	-50	0.031570427
154.5213053	0.001639725	50	0.0327945
154.5797984	-0.001578037	-50	0.031560732
154.5895469	0.00163934	50	0.032786801
154.6431614	-0.001578672	-50	0.031573449
154.6236656	0.001638669	50	0.032773373
154.6529091	-0.001577295	-50	0.031545907
154.6870253	0.001639302	50	0.032786033
154.7308869	-0.001577419	-50	0.031548384
154.7211401	0.001640375	50	0.0328075
154.745507	-0.001577658	-50	0.031553155
154.7698731	0.001639691	50	0.032793818
154.7991116	-0.001573901	-50	0.031478016
154.8332219	0.001641587	50	0.032831737
154.8478401	-0.001577435	-50	0.0315487
154.8722034	0.001641388	50	0.032827753
154.886821	-0.001578268	-50	0.031565352
154.9258	0.001639947	50	0.032798935
154.9550331	-0.001579408	-50	0.031588164
154.9647772	0.001640236	50	0.032804722
154.9891371	-0.001579254	-50	0.031585079
155.0086244	0.001638763	50	0.03277526
155.0281114	-0.001580105	-50	0.031602108
155.0622124	0.001641195	50	0.032823905
155.0573409	-0.001577785	-50	0.031555693
155.1109259	0.001640728	50	0.032814566
155.1450236	-0.001579727	-50	0.03159454
155.1645074	0.001638205	50	0.032764107
155.1742491	-0.001582518	-50	0.031650357
155.2034737	0.001639037	50	0.032780732
155.2424381	-0.001581405	-50	0.031628103
155.2424381	0.001641326	50	0.032826525
155.2814008	-0.001580395	-50	0.031607891
155.2911412	0.001640153	50	0.032803051
155.3447114	-0.00158124	-50	0.031624801
155.3057516	0.001642252	50	0.03284503
155.3641906	-0.001581698	-50	0.03163397
155.388539	0.001641501	50	0.032830016
155.4372338	-0.001582084	-50	0.031641674
155.4080173	0.001642905	50	0.032858109
155.4615801	-0.001580859	-50	0.031617188
155.4859257	0.001644228	50	0.032884567
155.5297461	-0.001580201	-50	0.031604024
155.5151395	0.00164383	50	0.032876596
155.563827	-0.001580526	-50	0.031610517
155.5930382	0.001645388	50	0.03290776
155.6271166	-0.001582663	-50	0.031653264
155.6076434	0.001642684	50	0.032853688
155.6514575	-0.001581869	-50	0.031637389
155.6709297	0.001646524	50	0.032930486
155.7147406	-0.001581245	-50	0.031624906
155.7147406	0.001643486	50	0.032869722
155.7488142	-0.001582477	-50	0.03164955
155.7585492	0.001644966	50	0.032899314
155.7731516	-0.001583299	-50	0.031665984
155.8072228	0.001644024	50	0.03288047
155.8510267	-0.00158347	-50	0.0316694
155.8607606	0.001644992	50	0.032899835
155.880228	-0.001584829	-50	0.031696579
155.9191616	0.001643297	50	0.032865933
155.9288947	-0.001584851	-50	0.031697014
155.9629598	0.001643906	50	0.032878128
155.9824249	-0.001583932	-50	0.031678647
156.0116217	0.001643921	50	0.032878416
156.0262198	-0.001584096	-50	0.031681916
156.0554152	0.001644164	50	0.032883285
156.0700125	-0.001583541	-50	0.031670825
156.1089374	0.001644792	50	0.032895838
156.1429953	-0.001586247	-50	0.031724941
156.1673215	0.001645631	50	0.032912619
156.1721867	-0.001585255	-50	0.031705103
156.2305665	0.001647281	50	0.032945613
156.2646195	-0.001584578	-50	0.031691558
156.2743487	0.001645906	50	0.03291812
156.3035356	-0.001583809	-50	0.03167618
156.3375858	0.001646542	50	0.032930843
156.3910905	-0.001585366	-50	0.031707317
156.3764986	0.001647313	50	0.032946262
156.4348645	-0.001585689	-50	0.031713787
156.454319	0.001645994	50	0.032919876
156.5175428	-0.001587467	-50	0.031749339
156.5029531	0.001646456	50	0.032929116
156.5613104	-0.001586812	-50	0.031736246
156.5613104	0.001646582	50	0.03293164
156.648839	-0.001587303	-50	0.031746067
156.629389	0.001646732	50	0.03293463
156.6877378	-0.001587252	-50	0.031745048
156.7023244	0.001646623	50	0.03293246
156.7509445	-0.001585223	-50	0.031704455
156.76553	0.001647799	50	0.032955978
156.8092851	-0.001587653	-50	0.031753069
156.8190081	0.001645828	50	0.032916562
156.8578992	-0.001586294	-50	0.031725876
156.8967885	0.001647332	50	0.032946647
156.9259544	-0.001587602	-50	0.031752049
156.9551192	0.001647051	50	0.032941028
156.9697013	-0.001588715	-50	0.031774297
157.0280271	0.001648854	50	0.032977076
157.0620487	-0.001587385	-50	0.031747704
157.086349	0.001647926	50	0.032958524
157.1057887	-0.001584636	-50	0.03169271
157.1592458	0.001649717	50	0.03299434
157.1932622	-0.001585686	-50	0.031713715
157.2126995	0.00165052	50	0.033010392
157.2175588	-0.001586435	-50	0.031728707
157.271009	0.001649799	50	0.032995986
157.305021	-0.001586631	-50	0.031732614
157.3293145	0.001650333	50	0.033006669
157.3584658	-0.001588149	-50	0.03176298
157.3876161	0.001650279	50	0.033005574
157.4216235	-0.001587136	-50	0.03174272
157.4313397	0.001648819	50	0.032976386
157.4410558	-0.001588612	-50	0.031772232
157.4799189	0.001653079	50	0.033061574
157.533353	-0.00158709	-50	0.031741796
157.5090652	0.001649262	50	0.032985239
157.5624974	-0.001585842	-50	0.031716831
157.5819265	0.001650497	50	0.033009946
157.645068	-0.001585134	-50	0.031702675
157.6110693	0.001650863	50	0.033017258
157.6742087	-0.001587496	-50	0.03174993
157.6887787	0.001650064	50	0.033001287
157.7470562	-0.001587358	-50	0.031747151
157.7276308	0.001650051	50	0.033001018
157.7810497	-0.001587241	-50	0.03174481
157.7859058	0.001649689	50	0.032993785
157.8490325	-0.001586612	-50	0.031732236
157.8198977	0.001650615	50	0.033012303
157.8781664	-0.001590114	-50	0.03180228
157.8878775	0.001648295	50	0.032965897
157.931576	-0.001592102	-50	0.031842044
157.931576	0.001648568	50	0.032971351
157.9704173	-0.001589297	-50	0.03178594
157.9946923	0.001649858	50	0.032997151
158.0092569	-0.001588622	-50	0.031772441
158.0529493	0.001650864	50	0.033017281
158.077222	-0.001590325	-50	0.031806496
158.1063483	0.001651581	50	0.03303162
158.120911	-0.00158885	-50	0.03177699
158.1548899	0.001650808	50	0.033016161
158.1694519	-0.001589835	-50	0.031796707
158.1888675	0.001653051	50	0.033061025
158.2034289	-0.001589243	-50	0.031784868
158.2374045	0.001653609	50	0.033072183
158.2665255	-0.001588803	-50	0.031776069
158.2810856	0.001654781	50	0.033095624
158.3004987	-0.001589961	-50	0.031799212
158.3247645	0.001653587	50	0.033071742
158.3635883	-0.001588949	-50	0.031778974
158.3781469	0.001651665	50	0.033033303
158.4072631	-0.001588634	-50	0.031772685
158.431526	0.001654437	50	0.033088739
158.4509357	-0.001590444	-50	0.031808871
158.4460833	0.001653592	50	0.033071837
158.4800496	-0.001590784	-50	0.031815672
158.5140146	0.001654026	50	0.033080527
158.5576819	-0.001587917	-50	0.03175834
158.5334225	0.001655087	50	0.033101749
158.5770888	-0.001592301	-50	0.031846016
158.5916438	0.001653135	50	0.033062693
158.6401586	-0.001593007	-50	0.031860147
158.61105	0.001649865	50	0.032997302
158.6595638	-0.001591562	-50	0.031831247
158.664415	0.001652192	50	0.033043842
158.7177767	-0.001591095	-50	0.031821904
158.6983728	0.001652683	50	0.033053654
158.7323294	-0.001590443	-50	0.03180885
158.7662846	0.001655073	50	0.033101465
158.8050889	-0.001590168	-50	0.031803356
158.7808364	0.001654164	50	0.033083278
158.8390413	-0.001591491	-50	0.031829827
158.8584421	0.00165358	50	0.033071603
158.8923925	-0.001590131	-50	0.031802628
158.8681424	0.001652977	50	0.03305954
158.9020923	-0.001590213	-50	0.031804267
158.9311913	0.001653422	50	0.033068437
158.9651388	-0.001591557	-50	0.031831136
158.95059	0.001654572	50	0.033091433
158.9990851	-0.001592583	-50	0.031851665
159.0184823	0.001652777	50	0.033055535
159.0281808	-0.001593009	-50	0.03186018
159.0378792	0.001653241	50	0.033064829
159.0718226	-0.001592037	-50	0.031840735
159.0960672	0.001653643	50	0.033072861
159.1154623	-0.001592444	-50	0.031848875
159.1494028	0.001656593	50	0.033131863
159.1542513	-0.001590106	-50	0.031802118
159.1833419	0.001658468	50	0.033169355
159.1978869	-0.00159148	-50	0.031829606
159.2269761	0.001656428	50	0.033128565
159.2415203	-0.001590031	-50	0.031800624
159.2560643	0.001655571	50	0.033111415
159.2851516	-0.001591779	-50	0.031835576
159.3045426	0.001655894	50	0.033117871
159.3384758	-0.001592916	-50	0.031858319
159.3384758	0.001656758	50	0.033135152
159.3433233	-0.001589511	-50	0.031790227
159.3821023	0.001658662	50	0.033173237
159.4111855	-0.001590848	-50	0.031816954
159.4111855	0.001659717	50	0.033194348
159.4305737	-0.001591688	-50	0.031833752
159.4741957	0.001657296	50	0.033145916
159.522662	-0.001590672	-50	0.031813445
159.4838892	0.001660476	50	0.033209525
159.5468942	-0.001589432	-50	0.031788637
159.5420478	0.001658353	50	0.033167051
159.5905105	-0.001591019	-50	0.031820372
159.5808182	0.001657323	50	0.033146462
159.6195868	-0.001591813	-50	0.031836266
159.6292787	0.001657859	50	0.033157176
159.6728909	-0.001592772	-50	0.031855437
159.653508	0.001658696	50	0.033173917
159.6874278	-0.001592618	-50	0.031852367
159.7019645	0.001659353	50	0.033187063
159.7358825	-0.001591448	-50	0.031828964
159.7407279	0.001659377	50	0.033187547
159.7794895	-0.001588971	-50	0.03177941
159.7843346	0.001660041	50	0.033200821
159.8085597	-0.001591266	-50	0.03182531
159.8424736	0.001660366	50	0.033207312
159.8424736	-0.001592276	-50	0.031845512
159.8570078	0.001660865	50	0.03321729
159.8860754	-0.001590687	-50	0.031813749
159.9199864	0.0016608	50	0.033215996
159.9442077	-0.001590309	-50	0.03180617
159.9587402	0.001659722	50	0.033194443
159.9781165	-0.001593082	-50	0.031861631
160.012024	0.001657765	50	0.033155309
160.0362429	-0.00159209	-50	0.031841792
160.0507739	0.001657746	50	0.033154921
160.0653046	-0.001593714	-50	0.031874273
160.0846786	0.001656764	50	0.033135283
160.0992088	-0.001594281	-50	0.031885613
160.1234253	0.001655864	50	0.033117285
160.142798	-0.001595919	-50	0.031918373
160.1621703	0.001659623	50	0.033192451
160.2396553	-0.001595715	-50	0.031914307
160.1863851	0.001660161	50	0.033203214
160.2299701	-0.001593372	-50	0.031867442
160.2444979	0.00165998	50	0.033199609
160.3171336	-0.001596374	-50	0.031927479
160.2832377	0.001659061	50	0.033181211
160.33166	-0.001596669	-50	0.031933389
160.3365021	0.001658195	50	0.033163905
160.3994469	-0.001596027	-50	0.031920546
160.3607122	0.001659705	50	0.0331941
160.413972	-0.001596666	-50	0.031933325
160.4333384	0.001660564	50	0.033211284
160.4817526	-0.001594994	-50	0.031899884
160.447863	0.001660204	50	0.033204089
160.5107999	-0.001594579	-50	0.031891572
160.5350053	0.001659631	50	0.033192622
160.5640508	-0.001595989	-50	0.031919782
160.5688917	0.00166056	50	0.033211202
160.5882547	-0.001592618	-50	0.031852358
160.612458	0.001661048	50	0.033220967
160.6318201	-0.001597096	-50	0.031941911
160.6705431	0.001659716	50	0.033194325
160.6608625	-0.001598433	-50	0.031968669
160.7141045	0.001658112	50	0.033162247
160.7189446	-0.001598361	-50	0.031967222
160.7576638	0.001659481	50	0.033189626
160.7770228	-0.001597789	-50	0.031955774
160.7963814	0.001659246	50	0.033184929
160.8060606	-0.001596662	-50	0.031933243
160.8302579	0.001661132	50	0.033222633
160.8689724	-0.00159866	-50	0.031973205
160.8738116	0.001658359	50	0.03316718
160.9125242	-0.001599727	-50	0.031994548
160.927041	0.001660021	50	0.033200429
160.9512351	-0.001599185	-50	0.031983691
160.9705899	0.001657382	50	0.033147643
160.9947829	-0.001598395	-50	0.0319679
161.0092984	0.001660364	50	0.033207275
161.072196	-0.001598817	-50	0.031976343
161.028652	0.001659018	50	0.03318035
161.0915482	-0.001599404	-50	0.031988081
161.1060622	0.001660491	50	0.033209819
161.168953	-0.00159632	-50	0.03192639
161.1447648	0.001661047	50	0.033220943
161.1931407	-0.001596296	-50	0.031925919
161.1979781	0.001660881	50	0.033217621
161.2511884	-0.001596782	-50	0.031935633
161.2463512	0.001660912	50	0.033218235
161.2753738	-0.00159716	-50	0.031943193
161.2995586	0.001661926	50	0.03323852
161.3334162	-0.001597117	-50	0.031942334
161.362436	0.001661134	50	0.033222682
161.381782	-0.001602996	-50	0.032059919
161.405964	0.001659791	50	0.033195817
161.425309	-0.001601023	-50	0.03202046
161.468834	0.001658927	50	0.033178532
161.4736699	-0.001603721	-50	0.032074411
161.507521	0.001658733	50	0.03317466
161.5220283	-0.001603214	-50	0.032064281
161.5558775	0.001659197	50	0.033183948
161.5752194	-0.001602748	-50	0.032054959
161.5993962	0.001662568	50	0.033251359
161.6090667	-0.001601347	-50	0.03202694
161.6477478	0.001660441	50	0.033208824
161.6670877	-0.001602872	-50	0.032057444
161.7057663	0.001660445	50	0.033208895
161.7009316	-0.001602791	-50	0.032055826
161.7541122	0.001661338	50	0.03322676
161.7831186	-0.001602537	-50	0.032050747
161.7492778	0.001662339	50	0.033246778
161.7927871	-0.001603705	-50	0.03207411
161.8169581	0.00166109	50	0.033221793
161.870132	-0.001603107	-50	0.032062136
161.8362944	0.0016618	50	0.033235992
161.8846334	-0.001603765	-50	0.032075292
161.9184692	0.001661721	50	0.033234414
161.9523036	-0.001604378	-50	0.032087566
161.9233027	0.001660808	50	0.033216161
161.9619704	-0.001605338	-50	0.032106756
161.9861369	0.001661836	50	0.033236729
162.0199689	-0.001605136	-50	0.032102718
162.0151358	0.001657914	50	0.03315827
162.0344679	-0.001607233	-50	0.032144661
162.0586324	0.001660779	50	0.033215589
162.0827963	-0.00160457	-50	0.032091394
162.0924617	0.001662707	50	0.033254132
162.1117922	-0.00160494	-50	0.032098806
162.1456195	0.001661794	50	0.033235876
162.1552842	-0.001605004	-50	0.032100076
162.2036062	0.001661955	50	0.033239099
162.2181023	-0.001605749	-50	0.032114979
162.2277663	0.001663561	50	0.03327123
162.2519257	-0.001608466	-50	0.032169329
162.2712528	0.001660318	50	0.033206369
162.295411	-0.001608939	-50	0.032178775
162.3147372	0.001662579	50	0.03325158
162.3195687	-0.001607355	-50	0.032147099
162.3533883	0.001661763	50	0.033235265
162.3775443	-0.001607821	-50	0.032156413
162.3920377	0.001662919	50	0.033258371
162.4016998	-0.001608093	-50	0.03216185
162.4306855	0.001663257	50	0.033265146
162.4548395	-0.001607771	-50	0.032155411
162.4403472	0.001663401	50	0.03326802
162.4741623	-0.001606034	-50	0.032120679
162.4934847	0.001664183	50	0.033283661
162.5224675	-0.001604657	-50	0.032093145
162.5128066	0.001665458	50	0.033309166
162.5417888	-0.001606354	-50	0.032127084
162.5659399	0.001662777	50	0.033255534
162.6045804	-0.001607874	-50	0.032157487
162.5804303	0.001662936	50	0.033258729
162.6239	-0.001608	-50	0.032159997
162.6335596	0.001662989	50	0.033259772
162.6866859	-0.00160877	-50	0.032175397
162.6528786	0.001662815	50	0.03325629
162.6963449	-0.001610608	-50	0.032212161
162.7060038	0.001663902	50	0.033278046
162.7446383	-0.00161163	-50	0.032232592
162.7204919	0.001663184	50	0.03326368
162.7446383	-0.001612182	-50	0.032243636
162.7591259	0.001662457	50	0.033249148
162.8122448	-0.001611079	-50	0.032221584
162.7929292	0.001663962	50	0.033279242
162.8170737	-0.001611979	-50	0.032239584
162.8460462	0.001663315	50	0.0332663
162.8605322	-0.001612501	-50	0.032250014
162.8846749	0.001662213	50	0.033244258
162.8943318	-0.001612702	-50	0.032254034
162.9136453	0.001662727	50	0.033254544
162.9184736	-0.001610665	-50	0.032213307
162.9619273	0.001662504	50	0.033250075
162.9812393	-0.001613677	-50	0.032273532
162.9908952	0.001663173	50	0.033263465
162.9908952	-0.001613091	-50	0.032261818
163.0150345	0.001662309	50	0.033246177
163.0295178	-0.001613036	-50	0.03226073
163.0391732	0.001663712	50	0.033274247
163.0681387	-0.001613633	-50	0.032272654
163.0922759	0.001663032	50	0.033260634
163.1019307	-0.001613605	-50	0.032272103
163.106758	0.001663078	50	0.033261565
163.1212398	-0.001612362	-50	0.032247232
163.1453757	0.001663335	50	0.033266691
163.1695109	-0.001610805	-50	0.032216109
163.1550298	0.00166451	50	0.033290206
163.1743379	-0.001612014	-50	0.032240282
163.1936455	0.001663801	50	0.033276023
163.261219	-0.00161354	-50	0.03227081
163.1984723	0.001662961	50	0.033259227
163.2515659	-0.001614619	-50	0.032292378
163.2660454	0.001663233	50	0.033264659
163.3046564	-0.001614817	-50	0.032296333
163.2708719	0.001663785	50	0.033275702
163.3191351	-0.001614799	-50	0.032295984
255.3148732	-0.006458001	-100	0.064580009
255.2426491	0.006477434	100	0.064774338
255.174937	-0.00645715	-100	0.064571497
255.0891655	0.006475665	100	0.064756654
255.0214489	-0.006456789	-100	0.064567891
254.9356718	0.006475682	100	0.064756822
254.8634361	-0.006453898	-100	0.064538977
254.7821682	0.006471753	100	0.064717525
254.7189579	-0.006452506	-100	0.064525056
254.6422002	0.00647217	100	0.064721699
254.5970474	-0.006449062	-100	0.064490625
254.5248012	0.006467692	100	0.064676921
254.4751307	-0.006447751	-100	0.064477511
254.4073963	0.006467273	100	0.064672734
254.3622391	-0.006445858	-100	0.064458582
