71.26859715959637	-2.48554606E-006	100	-2.48554606E-005
71.25727708551619	-2.3937147E-006	100	-2.3937147E-005
71.27425707865771	-2.6259895E-006	100	-2.6259895E-005
71.27425707865771	-2.12357211E-006	100	-2.12357211E-005
71.27425707865771	-1.69676222E-006	100	-1.69676222E-005
71.27991691907303	-2.36127586E-006	100	-2.36127586E-005
71.2629371618842	-2.29644926E-006	100	-2.29644926E-005
71.2629371618842	-1.83724733E-006	100	-1.83724733E-005
71.27991691907303	-1.90200474E-006	100	-1.90200474E-005
71.27991691907303	-1.94526047E-006	100	-1.94526047E-005
71.26859715959637	-2.50715931E-006	100	-2.50715931E-005
71.27991691907303	-2.24241617E-006	100	-2.24241617E-005
71.2855766808475	-2.42071161E-006	100	-2.42071161E-005
71.2855766808475	-1.63736041E-006	100	-1.63736041E-005
71.27991691907303	-2.49633435E-006	100	-2.49633435E-005
71.2855766808475	-2.18838179E-006	100	-2.18838179E-005
71.2855766808475	-2.38287161E-006	100	-2.38287161E-005
71.291236363986	-1.75076726E-006	100	-1.75076726E-005
71.30255549437476	-2.28027012E-006	100	-2.28027012E-005
71.30821494163502	-2.23163485E-006	100	-2.23163485E-005
71.34216997443127	-2.77186898E-006	100	-2.77186898E-005
71.43270290026189	-2.10193479E-006	100	-2.10193479E-005
71.50058940433993	-2.11274268E-006	100	-2.11274268E-005
71.92462445848383	-1.87505673E-006	100	-1.87505673E-005
72.22965763493261	-8.70218544E-007	100	-8.702185439999999E-006
72.37644448942393	-1.30778933E-006	100	-1.30778933E-005
72.47803539017394	-7.29646143E-007	100	-7.29646143E-006
72.52317883005057	-8.91763324E-007	100	-8.91763324E-006
72.57960115018355	-1.04846293E-006	100	-1.04846293E-005
72.63037461134809	-1.0268487E-006	100	-1.0268487E-005
72.65857937835619	-1.26996391E-006	100	-1.26996391E-005
72.7262629216624	-5.08172955E-007	100	-5.08172955E-006
72.76010051430572	-6.21591186E-007	100	-6.21591186E-006
72.81649031457252	6.53396924E-007	100	6.53396924E-006
72.88978549914862	-2.70402657E-007	100	-2.70402657E-006
72.98561335431447	-5.46015448E-007	100	-5.460154479999999E-006
73.0814189118434	-2.23703993E-006	100	-2.23703993E-005
73.19410281781211	-5.02777036E-007	100	-5.02777036E-006
73.30675593417101	-1.21592754E-006	100	-1.21592754E-005
73.41937829987103	-1.84260868E-006	100	-1.84260868E-005
73.49256636596726	-1.41580942E-006	100	-1.41580942E-005
73.58262618874531	-1.24294405E-006	100	-1.24294405E-005
73.6670394537671	-4.05483197E-007	100	-4.054831969999999E-006
73.7964396732138	-1.2537301E-006	100	-1.2537301E-005
73.88643335990821	-1.79394859E-006	100	-1.79394859E-005
73.97078468319199	-2.13979549E-006	100	-2.13979549E-005
74.07198361019113	-5.67622314E-007	100	-5.67622314E-006
74.17315784277801	-1.01064117E-006	100	-1.01064117E-005
74.23497439587098	-1.49683992E-006	100	-1.49683992E-005
74.30801845468588	5.39961747E-007	100	5.399617469999999E-006
74.4091351764134	-1.08365617E-007	100	-1.08365617E-006
74.46530050120956	3.88639986E-007	100	3.88639986E-006
74.55514923986786	8.53297584E-007	100	8.53297584E-006
74.62813705026633	1.87982934E-006	100	1.87982934E-005
74.71795063084903	9.01922436E-007	100	9.019224359999999E-006
74.79652162381839	2.58753489E-006	100	2.58753489E-005
74.87507779987408	2.26877268E-006	100	2.26877268E-005
74.9704475414959	1.58267467E-006	100	1.58267467E-005
75.06018737963092	1.39361559E-006	100	1.39361559E-005
75.19476096467673	1.90146364E-006	100	1.90146364E-005
75.32368663990351	1.89061339E-006	100	1.89061339E-005
75.4469696524811	5.88560574E-007	100	5.885605739999999E-006
75.5982218965035	2.52815816E-006	100	2.52815816E-005
75.73262248567082	1.51243704E-006	100	1.51243704E-005
75.86138262036897	2.24716979E-006	100	2.24716979E-005
76.01808076555707	1.79336745E-006	100	1.79336745E-005
76.14115972498354	1.55564545E-006	100	1.55564545E-005
76.33689291375728	7.29014871E-007	100	7.29014871E-006
76.45428913282885	1.87435453E-006	100	1.87435453E-005
76.60517906061995	1.78796013E-006	100	1.78796013E-005
76.74484381475327	2.20390426E-006	100	2.20390426E-005
76.89562984289643	1.57726699E-006	100	1.57726699E-005
77.05194370096325	2.02023807E-006	100	2.02023807E-005
77.18588102423786	2.95490628E-006	100	2.95490628E-005
77.35324309176829	1.4800476E-006	100	1.4800476E-005
77.52053906989829	1.02620303E-006	100	1.02620303E-005
77.67104904801286	-9.22118915E-008	100	-9.221189149999999E-007
77.82707713265069	8.10082045E-007	100	8.100820449999999E-006
78.01646283643675	1.86898675E-006	100	1.86898675E-005
78.25585942317451	7.66888936E-007	100	7.668889359999999E-006
78.41723703591188	-1.03009615E-007	100	-1.03009615E-006
78.5729920115854	-7.891199800000001E-007	100	-7.8911998E-006
78.75092818540642	-5.974194119999999E-008	100	-5.974194119999999E-007
78.92323328302703	-6.51504327E-008	100	-6.51504327E-007
79.08435917149654	-1.25370479E-006	100	-1.25370479E-005
79.23987154443154	-1.25375926E-006	100	-1.25375926E-005
79.42308166159208	-2.23159303E-006	100	-2.23159303E-005
79.56737401552573	-2.73946315E-006	100	-2.73946315E-005
79.72825839560139	-3.53905438E-006	100	-3.53905438E-005
79.90571624655033	-4.33323462E-006	100	-4.33323462E-005
80.07201665654176	-5.44080577E-006	100	-5.44080577E-005
80.23825300640695	-5.47324369E-006	100	-5.47324369E-005
80.40442541882433	-6.93195163E-006	100	-6.931951629999999E-005
80.54838988596197	-7.785571520000001E-006	100	-7.785571520000001E-005
80.71997729320628	-8.50953206E-006	100	-8.50953206E-005
80.88043307909314	-9.82778025E-006	100	-9.82778025E-005
81.02423956789653	-1.29018803E-005	100	-0.000129018803
81.21222241180368	-1.40688504E-005	100	-0.000140688504
81.3780221845326	-1.53276801E-005	100	-0.000153276801
81.55480572743446	-1.75481669E-005	100	-0.000175481669
81.74255974054461	-1.90392818E-005	100	-0.000190392818
81.91919567078492	-2.07681873E-005	100	-0.000207681873
82.09576025547639	-1.99577652E-005	100	-0.000199577652
82.2998243100065	-1.96498154E-005	100	-0.000196498154
82.4652119281333	-1.97847644E-005	100	-0.000197847644
82.62502739563337	-1.8509836E-005	100	-0.00018509836
82.78478474636839	-1.86773108E-005	100	-0.000186773108
82.94998992879522	-1.60462791E-005	100	-0.000160462791
83.09862161452853	-1.53385062E-005	100	-0.000153385062
83.25270526086877	-1.07894485E-005	100	-0.000107894485
83.40673512396717	-8.088123679999999E-006	100	-8.088123679999999E-005
83.55521307455103	-4.46290241E-006	100	-4.46290241E-005
83.6981447411203	-2.26944189E-006	100	-2.26944189E-005
83.84652495088727	4.04921349E-007	100	4.04921349E-006
84.01682617273841	1.18825753E-006	100	1.18825753E-005
84.14862739862053	2.09051053E-006	100	2.09051053E-005
84.30234607784999	2.78735818E-006	100	2.78735818E-005
84.44503727819955	3.52759267E-006	100	3.52759267E-005
84.59316819756401	3.72754727E-006	100	3.72754727E-005
84.73028255666432	4.91080027E-006	100	4.91080027E-005
84.8728367873062	5.47258688E-006	100	5.47258688E-005
85.00438491779588	5.49415621E-006	100	5.49415621E-005
85.1468517077339	4.98628044E-006	100	4.98628044E-005
85.30022675762319	4.81887048E-006	100	4.81887048E-005
85.45354929731758	6.42881002E-006	100	6.42881002E-005
85.5685067991019	6.12090915E-006	100	6.120909149999999E-005
85.73815216608415	6.35325204E-006	100	6.35325204E-005
85.88585562973381	6.8070841E-006	100	6.807084099999999E-005
85.99523433469204	7.71992695E-006	100	7.71992695E-005
86.13738692969173	5.86695664E-006	100	5.86695664E-005
86.27949469148334	6.38023438E-006	100	6.380234379999999E-005
86.42155769503077	7.47154933E-006	100	7.47154933E-005
86.55811459744368	6.41806779E-006	100	6.41806779E-005
86.71100936420558	6.33153925E-006	100	6.33153925E-005
86.84202091220891	5.81298183E-006	100	5.812981829999999E-005
86.97845098976165	6.84474735E-006	100	6.84474735E-005
87.10393041140904	7.02310427E-006	100	7.02310427E-005
87.24573494893261	7.7579712E-006	100	7.7579712E-005
87.37659216745217	7.53101694E-006	100	7.531016939999999E-005
87.51831167279605	7.833501540000001E-006	100	7.83350154E-005
87.65453883057728	7.844274020000001E-006	100	7.84427402E-005
87.78527859638317	7.790239549999999E-006	100	7.790239549999999E-005
87.94320583278534	7.03392175E-006	100	7.033921749999999E-005
88.06297627502528	8.309053430000001E-006	100	8.30905343E-005
88.19359915465947	7.817295850000001E-006	100	7.81729585E-005
88.35682532987676	8.492754919999999E-006	100	8.492754919999999E-005
88.46017182696272	9.06522002E-006	100	9.06522002E-005
88.59068147910205	8.70873157E-006	100	8.70873157E-005
88.69941117284972	7.806477110000001E-006	100	7.80647711E-005
88.85158951337613	9.31388005E-006	100	9.31388005E-005
88.9819880102902	8.811381720000001E-006	100	8.81138172E-005
89.11778050102419	9.44349615E-006	100	9.443496149999999E-005
89.25896224472683	9.86499294E-006	100	9.864992939999999E-005
89.38381776818596	9.146426370000001E-006	100	9.146426370000001E-005
89.51949200259278	1.01350882E-005	100	0.000101350882
89.70936904097582	9.670410080000001E-006	100	9.670410080000001E-005
89.82868044994982	9.173296810000001E-006	100	9.173296810000001E-005
89.94796113263186	9.330019300000001E-006	100	9.330019300000001E-005
90.07805052181635	8.75197239E-006	100	8.75197239E-005
90.21352153446372	9.01149545E-006	100	9.011495449999999E-005
90.33270335246019	9.1517992E-006	100	9.151799199999999E-005
90.46810016554039	8.41165085E-006	100	8.411650849999999E-005
90.57638926215736	1.00703101E-005	100	0.000100703101
90.69006572698069	9.870308900000001E-006	100	9.8703089E-005
90.83618046996045	9.794684110000001E-006	100	9.794684110000001E-005
90.96602185110112	9.60558338E-006	100	9.605583379999999E-005
91.07960346592864	9.4921067E-006	100	9.492106699999998E-005
91.21478371490994	1.00972971E-005	100	0.000100972971
91.33371004942617	1.11886351E-005	100	0.000111886351
91.44179870953352	1.01511954E-005	100	0.000101511954
91.58767889473626	1.10805639E-005	100	0.000110805639
91.70110992639624	1.13128354E-005	100	0.000113128354
91.82531250265217	1.15829816E-005	100	0.000115829816
91.94408428266746	1.169641E-005	100	0.0001169641
92.0736193305753	1.1442529E-005	100	0.00011442529
92.17614266105184	1.19125099E-005	100	0.000119125099
92.31100783481875	1.18422442E-005	100	0.000118422442
92.42965732459635	1.17936356E-005	100	0.000117936356
92.55905916351676	1.17505883E-005	100	0.000117505883
92.66686699181096	1.28040184E-005	100	0.000128040184
92.78542725401928	1.26743151E-005	100	0.000126743151
92.90934490913094	1.22097659E-005	100	0.000122097659
93.03323019722413	1.26960276E-005	100	0.000126960276
93.13016135476778	1.32091219E-005	100	0.000132091219
93.25937214658501	1.37224391E-005	100	0.000137224391
93.38316622306536	1.28202049E-005	100	0.000128202049
93.50692811660264	1.34198616E-005	100	0.000134198616
93.61452103169643	1.39062763E-005	100	0.000139062763
93.72208967960722	1.30201592E-005	100	0.000130201592
93.82425744628907	1.3079424E-005	100	0.00013079424
93.96403057335493	1.29660371E-005	100	0.000129660371
94.08764198710273	1.37116061E-005	100	0.000137116061
94.20047671195994	1.3322782E-005	100	0.00013322782
94.30254238012415	1.37441912E-005	100	0.000137441912
94.41532653403561	1.35873516E-005	100	0.000135873516
94.53345294259512	1.25284123E-005	100	0.000125284123
94.6300802208961	1.28094508E-005	100	0.000128094508
94.74278750635364	1.37385825E-005	100	0.000137385825
94.87156351723891	1.42087014E-005	100	0.000142087014
94.97348678038165	1.38900205E-005	100	0.000138900205
95.07538849892453	1.48895041E-005	100	0.000148895041
95.20407570542187	1.47653233E-005	100	0.000147653233
95.3166488889278	1.41600742E-005	100	0.000141600742
95.43991325626627	1.54891094E-005	100	0.000154891094
95.54171666194446	1.36576545E-005	100	0.000136576545
95.6542113228378	1.51216865E-005	100	0.000151216865
95.7720348759658	1.53216285E-005	100	0.000153216285
95.86841468498349	1.52783662E-005	100	0.000152783662
95.98618625545541	1.51648687E-005	100	0.000151648687
96.08787510288275	1.53648318E-005	100	0.000153648318
96.21094369231474	1.63806287E-005	100	0.000163806287
96.31793457495661	1.66722393E-005	100	0.000166722393
96.43024972531239	1.59536775E-005	100	0.000159536775
96.55323188847757	1.77097148E-005	100	0.000177097148
96.64945719233043	1.59592697E-005	100	0.000159592697
96.75100779137915	1.71531187E-005	100	0.000171531187
96.86322339725135	1.67478962E-005	100	0.000167478962
96.97541328072848	1.72179997E-005	100	0.000172179997
97.08223690666361	1.65319372E-005	100	0.000165319372
97.19971602081483	1.76664854E-005	100	0.000176664854
97.31182894747022	1.63589198E-005	100	0.000163589198
97.40790537899804	1.75151641E-005	100	0.000175151641
97.51997082345042	1.70720915E-005	100	0.000170720915
97.63201075039834	1.70612467E-005	100	0.000170612467
97.74935858079491	1.77150119E-005	100	0.000177150119
97.84001731970889	1.81634211E-005	100	0.000181634211
97.94132208145928	1.73854783E-005	100	0.000173854783
98.04260606179065	1.79636344E-005	100	0.000179636344
98.14919835530768	1.84442106E-005	100	0.000184442106
98.25576768067117	1.69856852E-005	100	0.000169856852
98.367640785509	1.81201571E-005	100	0.000181201571
98.47948863542078	1.80283714E-005	100	0.000180283714
98.57001365925419	1.79420302E-005	100	0.000179420302
98.67649255206246	1.87901534E-005	100	0.000187901534
98.78294862420862	1.84767108E-005	100	0.000184767108
98.87873960201131	1.84930626E-005	100	0.000184930626
98.97983229711963	1.82769348E-005	100	0.000182769348
99.07558539580901	1.88711701E-005	100	0.000188711701
99.18727409691869	1.80553155E-005	100	0.000180553155
99.29893779498491	1.92980945E-005	100	0.000192980945
99.39462966170001	1.82930391E-005	100	0.000182930391
99.49030320541934	1.83685751E-005	100	0.000183685751
99.61252610314642	1.83525688E-005	100	0.000183525688
99.70815799123923	1.92385433E-005	100	0.000192385433
99.80908296047275	1.89847077E-005	100	0.000189847077
99.899367030614	1.91412343E-005	100	0.000191412343
100.0108719880641	2.05189113E-005	100	0.000205189113
100.1011197754584	2.03352571E-005	100	0.000203352571
100.2072729003882	2.07243051E-005	100	0.000207243051
100.2868730446643	1.98217863E-005	100	0.000198217863
100.4089021589863	1.98546034E-005	100	0.000198546034
100.4937745487752	2.03082864E-005	100	0.000203082864
100.5839358127476	1.92925978E-005	100	0.000192925978
100.6899872680297	2.0292107E-005	100	0.00020292107
100.8066181547037	2.00760435E-005	100	0.000200760435
100.891423718919	2.02920139E-005	100	0.000202920139
100.9921118662121	2.02975267E-005	100	0.000202975267
101.0927799944864	1.92656259E-005	100	0.000192656259
101.193428128517	1.9746433E-005	100	0.00019746433
101.2887605713181	1.98059962E-005	100	0.000198059962
101.3999591302423	1.94490953E-005	100	0.000194490953
101.4899591876464	1.97300951E-005	100	0.000197300951
101.5746505731911	2.04487193E-005	100	0.000204487193
101.6910782170108	2.09242769E-005	100	0.000209242769
101.7757361511954	1.94979178E-005	100	0.000194979178
101.8762491876963	2.02651235E-005	100	0.000202651235
101.9873195061878	2.07352726E-005	100	0.000207352726
102.0930783020772	2.07623682E-005	100	0.000207623682
102.1723830367271	2.10970593E-005	100	0.000210970593
102.2675324871381	2.20803177E-005	100	0.000220803177
102.3732333554659	2.23558312E-005	100	0.000223558312
102.4524946940005	2.03620965E-005	100	0.000203620965
102.5634399827218	2.16967741E-005	100	0.000216967741
102.6690798617316	2.16806591E-005	100	0.000216806591
102.7482955104603	2.14752347E-005	100	0.000214752347
102.8591769085078	2.19345571E-005	100	0.000219345571
102.9278057953385	2.16642571E-005	100	0.000216642571
103.0386485163338	2.13564964E-005	100	0.000213564964
103.1072534867669	2.13565389E-005	100	0.000213565389
103.2075058677657	2.30637956E-005	100	0.000230637956
103.2971888541781	2.17723462E-005	100	0.000217723462
103.4026783083145	2.31987674E-005	100	0.000231987674
103.4923274138303	2.23450057E-005	100	0.000223450057
103.5872330589979	2.23125951E-005	100	0.000223125951
103.6821213031757	2.25178315E-005	100	0.000225178315
103.7769921667909	2.28259561E-005	100	0.000228259561
103.8718456702479	2.3241835E-005	100	0.00023241835
103.9561453380597	2.27505145E-005	100	0.000227505145
104.0562334186395	2.37552797E-005	100	0.000237552797
104.1299701948924	2.30691597E-005	100	0.000230691597
104.2194936529096	2.3987545E-005	100	0.00023987545
104.3142664114031	2.36040068E-005	100	0.000236040068
104.4300763658354	2.31500841E-005	100	0.000231500841
104.5090229473526	2.35121764E-005	100	0.000235121764
104.6195280934966	2.31227759E-005	100	0.000231227759
104.6931851980458	2.26260575E-005	100	0.000226260575
104.7826120096841	2.27556476E-005	100	0.000227556476
104.8720235283423	2.37443332E-005	100	0.000237443332
104.982451962809	2.32040916E-005	100	0.000232040916
105.0718293584708	2.33823468E-005	100	0.000233823468
105.1559353399838	2.30636382E-005	100	0.000230636382
105.255793680682	2.27447605E-005	100	0.000227447605
105.3608872072958	2.3085198E-005	100	0.00023085198
105.4344401702017	2.3706559E-005	100	0.00023706559
105.5027301378147	2.47655972E-005	100	0.000247655972
105.6077743220228	2.37390268E-005	100	0.000237390268
