254.1319232	5.20717E-06
254.1138582	3.85499E-06
254.0777279	3.53068E-06
254.0280478	3.58638E-06
253.9964326	3.65759E-06
253.9377175	3.69075E-06
253.9015844	3.78293E-06
253.8428669	3.78223E-06
253.7931817	3.73401E-06
253.7118764	3.751E-06
253.6802569	3.7771E-06
253.5989475	3.77386E-06
253.5853957	3.75805E-06
253.5311875	3.80119E-06
253.4995655	3.83158E-06
253.458908	3.87477E-06
253.4092145	3.88536E-06
253.3685554	3.8788E-06
253.3233777	3.97764E-06
253.2827171	4.08503E-06
253.2330197	4.18515E-06
253.1788032	4.16654E-06
253.13814	4.13254E-06
253.0839212	3.66842E-06
235.7565755	3.03976E-06
235.6745362	3.04323E-06
235.5788188	3.05142E-06
235.4830964	3.0648E-06
235.3828102	3.08986E-06
235.2460474	3.10797E-06
235.1731029	3.11677E-06
235.0864774	3.13015E-06
234.9998478	3.1477E-06
234.9086541	3.15972E-06
234.8311358	3.16729E-06
234.7353732	3.16257E-06
234.6578474	3.14341E-06
234.5757575	3.11889E-06
234.4845421	3.10986E-06
234.3887608	3.10513E-06
234.3294651	3.10099E-06
234.2336754	3.09744E-06
234.1333188	3.10421E-06
234.0238323	3.12369E-06
233.9462753	3.14254E-06
233.8550273	3.16092E-06
233.7592119	3.17203E-06
233.6679543	3.15196E-06
233.5675654	3.13758E-06
233.4671708	3.11903E-06
233.3713342	3.11871E-06
233.2937483	3.14573E-06
233.1796453	3.17517E-06
233.1020509	3.19595E-06
232.9833705	3.22563E-06
232.8783773	3.22815E-06
232.7870737	3.2023E-06
232.6866342	3.15066E-06
232.5542278	3.09963E-06
232.4537749	3.02585E-06
232.3259173	2.93437E-06
232.2163175	2.89058E-06
232.0930095	2.90176E-06
231.9605577	2.93601E-06
231.8326636	2.99451E-06
231.7138963	3.01336E-06
231.5540043	2.98555E-06
231.3712524	2.95888E-06
231.206759	2.95027E-06
231.0056901	2.9284E-06
230.7726033	2.94648E-06
230.4663429	3.08296E-06
230.1188761	3.58379E-06
229.6844425	4.95969E-06
228.9616626	4.43656E-06
228.3941992	2.66524E-06
227.7807553	2.96531E-06
227.1121172	4.6143E-06
226.4294598	3.78354E-06
225.6685794	2.019E-06
224.8752339	3.0058E-06
224.0401942	3.95991E-06
223.1633919	5.40325E-06
222.2355655	2.51727E-05
221.3117886	4.37573E-05
220.3092624	4.35548E-05
219.2784658	4.33455E-05
218.20091	4.2929E-05
217.1133686	4.25442E-05
215.9789063	4.15751E-05
214.8481953	3.81237E-05
213.6380657	3.3516E-05
212.5194195	2.88991E-05
211.3166015	2.36056E-05
210.1637224	1.67573E-05
208.9171857	6.1281E-06
207.7623386	1.22545E-06
206.5090063	2.95781E-06
205.3335472	3.59735E-06
204.059371	2.5291E-06
202.8771198	1.41446E-06
201.5912753	8.13761E-07
200.4208096	6.2923E-07
199.1091968	1.16103E-07
197.9364827	1.30402E-07
196.6082829	4.43788E-08
195.4191981	6.37873E-08
194.0930129	3.37335E-08
192.8639629	5.18603E-08
191.5209103	6.02998E-08
190.2845415	1.51003E-08
188.9527158	6.07598E-09
187.7183725	4.91126E-08
186.3930577	3.54872E-08
185.1134576	1.64731E-08
183.7520048	1.78598E-08
182.4362553	3.41428E-08
181.0430766	5.77669E-08
179.705093	2.82275E-08
178.2703758	9.49492E-08
176.8813267	9.03291E-08
175.4713741	5.45892E-08
174.0642759	4.60645E-08
172.6361218	2.48777E-08
171.1820113	5.17258E-08
169.754536	3.30972E-08
168.2721733	4.35484E-08
166.8308106	2.72254E-08
165.3439267	1.15403E-08
163.8691577	1.67107E-09
162.348557	3.78461E-08
160.8447761	9.37323E-09
159.2899994	3.13357E-08
157.6984919	6.18673E-09
156.1283992	1.30694E-08
154.5261798	5.12683E-09
152.9062608	7.64348E-09
151.2538124	9.48055E-10
149.5489731	3.10144E-08
147.8011862	4.08168E-09
145.862308	1.5941E-08
143.8444572	2.18041E-08
141.8014041	2.53137E-08
139.6732284	2.11525E-08
137.4042533	1.54174E-08
133.5412185	4.3244E-09
130.4269785	2.11526E-08
127.0652893	7.61861E-09
123.6553634	3.4444E-08
120.3903176	3.15521E-08
117.2360428	1.46428E-08
114.2662846	5.5161E-08
111.3640775	2.86864E-08
108.5719409	2.44763E-08
105.9017867	3.10657E-08
103.3499363	2.16412E-08
100.9391206	2.13092E-08
98.67649255	1.73161E-08
96.59065509	1.54554E-08
94.59250525	2.17185E-08
92.77465027	2.0286E-08
91.03092901	1.1484E-08
89.35125002	2.07438E-08
87.77438505	1.69385E-08
86.27402984	6.94133E-09
84.86735477	1.78863E-08
83.48922903	1.43955E-08
82.22262206	1.32124E-08
81.05741892	1.02899E-08
79.98887447	9.53659E-09
79.05102775	1.16429E-08
78.26142519	4.29497E-09
77.56514019	7.32042E-09
77.0072885	4.53822E-09
76.44869958	1.25892E-08
75.98450752	1.02109E-08
75.50299538	1.5934E-09
75.09944249	1.13199E-08
74.81335634	1.13722E-08
74.62252306	1.77208E-08
74.45406804	6.07815E-09
74.22373571	3.53944E-09
74.04949709	7.8214E-10
73.67829325	9.21366E-09
73.4193783	7.56099E-09
73.22226898	7.02698E-10
72.97434065	1.52897E-08
72.99124959	3.20101E-08
72.95179431	1.48041E-08
72.79393532	2.28274E-08
72.82776735	4.59229E-08
72.80521297	2.1962E-08
72.73754243	6.24012E-09
72.51189344	1.00758E-08
72.37644449	2.11792E-08
72.35386532	8.10382E-09
72.41595505	5.21412E-09
72.31434877	1.5674E-09
72.22965763	3.51203E-10
72.3256396	4.97011E-09
72.33693012	8.50928E-09
72.25224365	4.67363E-09
72.15059678	2.91703E-09
72.20707038	4.07964E-09
72.16189212	3.75554E-09
72.08846683	2.51249E-09
72.13365318	5.61858E-09
72.04327548	2.43186E-09
72.05457379	3.3218E-09
71.96417862	5.26661E-09
71.94722731	5.94189E-09
71.96417862	3.24123E-09
72.0093787	1.64789E-09
71.94157671	2.70159E-09
71.89636914	2.08013E-09
71.87941501	4.3221E-09
71.87376348	3.94389E-09
71.79463383	1.18842E-09
71.85115657	4.34919E-09
71.82289618	8.59012E-09
71.74941	2.37716E-09
71.74375667	2.10681E-09
71.77202254	1.37688E-09
71.77767548	1.67443E-09
71.78898112	3.56625E-09
71.77767548	2.2421E-09
71.76636952	3.07986E-09
71.91332257	7.13167E-09
72.11106063	7.37519E-09
72.09411539	7.05114E-09
72.16189212	6.02433E-09
72.16753967	5.70036E-09
72.29741194	2.39331E-08
