1.999034944
0.204818551
5.204652776
1.190116143
4.100239831
3.380519455
1.876654659
2.442614262
4.294423992
1.447487998
1.384379432
5.284378579
0.739533693
3.248653243
3.556200934
4.349546257
1.359840169
3.941784714
1.383076908
1.564088971
2.761957667
1.880112248
1.687805639
2.419249822
0.650006838
6.605952231
3.763374555
7.448884557
1.882329128
3.050058237
1.320737778
3.834814173
4.602081549
3.49644767
3.978072583
5.435291135
1.501709955
3.765907274
0.604013387
5.483788347
3.124717556
4.220458002
1.465517963
4.069281661
4.103713736
2.174656207
7.778273885
12.44923402
5.343661886
5.408447418
1.420456732
1.400309748
1.411422024
0.783531672
1.852969294
2.786010231
3.663160205
6.166290871
2.720663712
2.448847834
0.324459812
2.105614133
4.240946956
3.144083629
4.32465088
1.146806563
0.732385335
2.679842371
1.988232255
2.124482138
4.539357794
3.254632669
3.492786557
1.395662037
1.832249363
1.776583213
0.505558048
1.470658734
1.491257317
2.932944958
2.250949567
3.024014547
0.508896546
2.231512291
3.731725538
1.419901675
1.256145685
5.588566625
2.084643171
4.002299165
3.875264047
1.573968058
1.733419005
3.066833938
1.673866131
3.313298125
3.571762898
1.796146194
1.536199725
0.668118451
1.281013675
0.691537284
0.297540656
4.779742363
0.22092208
2.495453901
3.061346525
5.66996763
3.491337728
4.107668348
2.951602347
3.569459598
4.060435349
1.537866013
3.999438766
5.129165911
3.064690849
0.860970322
2.344347513
4.402598967
2.406341254
5.762221833
4.160753877
3.038359037
4.913672924
2.51076114
2.753353215
2.668412127
2.787981213
2.36667168
2.812807052
1.421256812
3.79930239
0.222526858
4.550913255
5.526134887
3.619139496
3.793509066
1.167638544
2.978795738
2.932307648
3.664550235
2.479619839
4.96001805
4.805880904
1.774100203
6.593996229
0.457590153
5.678593043
6.275190339
6.661582299
2.046005095
6.093543898
12.68239367
2.325372144
4.480299865
3.646499285
3.790174908
4.160457035
2.985796578
3.111555641
5.012965052
8.396639352
5.573765673
6.641414904
5.727013011
2.403985168
1.453738187
1.776491488
3.511232224
4.185572003
5.982215491
4.945288209
1.064812386
0.744083302
5.909025455
1.737474065
3.924841074
3.570463513
2.533823931
3.288368501
7.954879779
7.150981726
4.585214223
0.32323081
3.856554418
3.536479444
2.162301574
1.323917124
2.199246958
1.858503845
1.322228894
1.06289589
2.576176571
3.522538973
1.086597949
5.088864163
4.701844748
3.196063238
1.230122724
0.789426808
2.274393974
1.604714094
3.365808558
0.599374649
4.292009438
5.473018692
1.504008066
5.686948539
5.822035867
2.079952767
2.566841931
3.479282122
2.872987773
4.441567658
4.302882185
1.08229662
2.025130206
5.217088006
8.018202578
1.655000796
4.664040523
2.416417717
1.01849162
1.471519386
5.041115093
3.408603516
3.413494307
3.833323612
2.048582416
5.078984054
3.334301728
5.904228556
0.614175202
5.034886434
6.613853202
2.434453757
3.290839097
0.357995611
4.520857714
2.639129844
1.165094785
8.991362077
1.500512294
3.341468182
2.973599943
2.243510412
3.696429769
3.415771633
3.587681709
3.253474647
3.553083145
2.104110733
2.949125252
3.735077472
2.049198949
5.427069588
1.80894568
2.706383257
3.83900319
4.446260169
3.148436301
3.936691703
1.937912433
1.068293284
3.410706476
1.433619404
2.879268808
3.902139378
2.374258302
1.960405554
1.407872929
1.664415751
3.420060645
2.140426158
1.420830297
2.103711734
3.952886115
5.69237959
0.280776611
2.853894077
4.216998987
0.765857779
1.657813454
3.108157726
6.711457963
3.778003603
4.866350744
5.371520354
2.619702372
5.311771176
4.451396297
2.26648739
0.971825285
0.869459176
5.933286659
2.504872405
2.413143009
5.69425649
2.700131583
5.02827228
2.916886453
3.639423245
5.123634147
10.27365857
1.342570908
2.611467929
0.710200566
2.254883763
3.634902804
4.689191016
4.693926939
3.201445833
1.125112365
1.475193348
2.109865216
3.644563738
1.129809747
3.638245722
3.39101796
4.203905878
5.731514044
2.125121928
2.481684601
4.132671532
4.333237882
2.353867737
5.705759792
0.659856583
1.531017709
3.737662739
2.665072764
3.596372694
4.55916766
6.93812313
0.608556742
0.495326651
3.965853736
2.533215511
1.748112828
2.971072456
1.847535811
4.833224871
2.251645625
4.745681864
2.782921183
4.104889383
4.923535474
3.650961998
1.431981583
2.753033804
1.273896646
7.166936957
1.549118585
5.571409412
2.198988847
3.448526805
1.630379013
3.064838002
2.235154316
2.527401983
1.733418851
3.587984885
2.314784384
13.33426628
10.66062668
0.854642256
0.689258509
0.915646878
1.236411367
0.758640078
1.559491911
12.8198209
15.39486264
2.495577097
0.397608687
0.397608687
0
0.423428148
0.197601976
0.824424951
0.817221662
3.097364991
3.094683862
0.461694104
0.653086526
0.694144961
0.773414588
0.464943499
0.064689053
0.73585347
0.420092924
0.412604146
0.097032221
0.097032221
0.470951998
0.197050735
0.197050735
0.1164368
0.698624644
0.429795962
0.71599294
0.576362737
0.209584703
1.241161507
0.905668478
0
0.343063376
0.823210279
0.409945066
0.701009648
1.055183884
0.365469248
0.436003121
1.131620499
1.431984161
1.210752368
1.461888857
0
0.418002299
0.875852252
0.800030001
0.418002299
0.461694104
0.767344609
0.46734017
0
0.461694104
0.326541756
0.737586557
0
0.347228257
0.347228257
0.613707129
0.331627449
0.861577698
1.013820593
0.268696466
0
0.412909807
0.097032221
0.816356047
0.49946285
0.489255921
0
0.412604146
1.213776889
0.830641306
0.059111762
0.461694104
0.461694104
0.059111762
0.418002299
0.483065659
0.756532279
0.528298914
0.67925
0
0.3823798
0.42161384
0.45970955
0.613707129
0.412909807
0.388765911
0.365600505
2.448046601
0
1.108392084
0.315768285
10.70357702
8.22092073
6.555242792
1.632042286
0.584250128
1.796393278
1.122807703
9.981491116
2.07426287
1.76605
4.898141408
4.429606237
7.427111025
10.20265708
3.308085167
2.83563673
5.926230018
2.702006827
11.79415439
3.804496239
9.809892456
12.67510857
2.288316905
2.890505066
12.46876604
0.838175323
1.150923628
1.568552575
2.611556008
1.006311795
0.682768381
2.257621992
0.507284323
1.605028276
1.206050423
0.935593089
1.850657056
0.189605668
1.476497308
2.970221816
1.950886988
2.884779901
1.862521932
3.367241953
0.329316371
1.40524657
3.891030758
1.122553984
0.982289432
1.465975648
1.48122173
0.535776401
3.769981415
2.133925786
3.622580496
1.712855247
1.235873164
2.336627173
4.143090593
2.799723876
4.773618199
0.386353158
10.09612297
0.663347423
0.5754145
0.295153471
0.60377174
0.303769835
0.626237557
0.815125186
0.88688457
0.943991015
1.074583308
0.720454891
13.51588028
2.214470618
3.808194427
1.956254783
1.606602195
0.605572877
1.379723659
2.352234494
3.47321104
10.79875581
1.272426106
0.622169418
0.604155293
1.606120461
0.533663096
0.548068987
0
1.126168577
1.050491374
0.479474424
0.954204652
0.275823029
0.95152576
1.411157455
0.905671195
1.230174071
1.13525991
0.445287775
0
0.963442169
0.65025244
0.059111762
0.322258965
0.29560064
0.059111762
0.059111762
0.326541756
0.737586557
0.823376437
0.412600056
0.059111762
0.059111762
0.420092924
0.420092924
0
0.384241825
0.384241825
0
0
0.384241825
0.384241825
0
0.29560064
1.013603874
0.347228257
0.412604146
0.5434
0.384241825
0.384241825
0.510519004
0.510519004
0
0.412604146
0.412604146
0.059111762
0.059111762
0
0
0.37413643
0.199370721
1.848071379
1.327283634
0.486639501
0.928578014
1.169832788
0.452203309
2.092493585
0.767344609
0
0
0.707452273
0.169505342
0.603656922
0.810048437
0.810048437
0.423800999
0.347228257
0.461694104
0.810048437
0.423800999
0.195580002
0.195580002
0.423800999
0.793343934
0.859269516
0.449098431
0.62700209
0.62700209
0.461694104
1.234683627
1.490367815
1.460782359
1.312289202
0.256162497
0.923598494
0.410210192
0.830412784
1.386774176
1.748785013
0.200324335
0.612540793
0.849109553
0.379712293
0.447280792
0.577619208
0
0.812853591
1.227094458
0.375972967
0.440073758
0.310994301
0.510519004
0.510519004
0.524759564
0.610312552
0.825163427
0.470951998
0.362439834
0.739397205
0.341821229
0.373420106
0.373420106
0.555014262
0.555014262
0.603656922
0.660918807
0.571265618
1.390904654
1.434036297
0.339625
0.587648435
0.421822568
0.796912632
0.362271195
0.481497941
0.446130172
0.162487819
0.49740669
0.594594692
0.789744219
0.407474375
0.157143372
0.364582812
0.416914998
0.31538413
0.059666508
0.914468299
0.410210192
0.825462177
0.045206051
0.446706943
0
0.189622723
0.41797629
0.831698515
0.71671673
0.364582812
0.364582812
0.403609155
1.090832755
0.736435786
0.185831248
0.865877251
0.484952121
0.252699196
0.252699196
0.931923778
0.319646899
0.309246289
0.403609155
0.303555385
0.622361572
0.403609155
0.61612846
0.226026411
0.407474375
0.339035774
0.205362107
0.217811712
0.420092924
0.366343778
1.066161801
1.000336938
0.630114484
1.386774176
1.765919868
0.558074498
1.077838413
1.3585
0.863081404
0.388139752
1.027244522
0.578360534
1.291021798
0.147557218
0.274460093
1.120247798
0.412604146
0.199370721
0.505404406
0.495942146
0
0
0
0.420092924
0.412604146
0.423800999
0.373420106
0.373420106
0.330616548
0.613700256
0.302654344
0.33344089
0.831698515
0.831698515
0.420092924
0
0.420092924
0.453116266
0.415470794
0.418055728
0
0
0.274452408
0.510519004
0.767824093
0.729103885
0.290508422
0.290508422
0.059111762
0.045206051
0.418055728
0.499923858
0.593994258
0.195580002
0.412604146
0
0
0.131792541
0.159819374
0.796912632
0.543639232
1.19475904
0.793343934
0.412909807
0.412604146
0
0.698123358
0.985026462
0
0
0
0.582217779
0.384241825
0.420092924
0.420092924
0.744223099
1.156456514
0.412604146
0.420092924
0.504794242
0.504794242
0.898919951
0.515717915
0.059111762
0
0
0.331627449
0
0.803846083
0.076712854
0.076712854
0.377851633
0.763291069
0.358904354
0.370920752
0.2124451
0.331627449
0.501450303
1.238395703
0.767824093
0.572793321
0.68385765
0.420092924
0
0.420092924
0
0.366343778
0.308993636
0.763291069
0.591140678
0.209002508
0.059111762
0.331627449
0.989576742
0.767768537
0.955225939
0
0.75777442
0.059111762
0.753551174
0.744223099
0.75777442
0.418827511
1.022621071
0.615404443
0.75777442
0.059111762
0.059111762
0
0.326541756
0.326541756
0.384241825
0.407474375
0.054330201
0.461804575
0.461804575
0.40644414
1.153225681
0.412600056
0.445993181
0.395797303
0.754842106
0.30287237
1.595232767
0.735313034
12.97909536
12.17964785
2.486126123
1.156853036
1.771119639
10.87119162
1.750724877
2.068260835
2.044695437
1.179565672
2.988385611
1.328207808
2.365245065
2.656767428
3.766327889
2.344258938
2.221469655
0.357009121
0
10.6480203
1.926869119
8.12139166
4.610486711
4.230930526
3.418726737
0.705885417
2.533885046
1.723696715
3.773133343
4.176494993
4.614831219
4.4109209
1.795980472
8.507774072
10.84013626
1.776401108
8.308687514
1.055890994
0.183927615
13.22457599
1.011164528
1.95454557
1.300038995
2.02099828
1.476251603
2.204191949
1.024346823
4.624157947
5.296096507
4.634111285
5.74805451
6.239002524
0.892275371
2.202406943
2.436603801
3.505223301
2.165294428
2.244872618
2.812466695
0.51376361
3.439130153
1.290201597
2.856682714
1.771026819
2.142672818
1.541043405
0.379166007
2.034510812
0.604799822
6.059011915
2.901919897
1.676615427
0.454658329
1.153519501
2.434331181
0.579933736
1.055483262
2.672959542
0.524136326
2.101821226
1.748744997
1.298812889
0.474513596
1.908577666
0.134637526
1.89266672
1.949868737
1.75502539
1.8526607
2.83820169
1.214259966
1.559306985
3.194997833
1.237165196
1.581594052
1.700360491
2.367016173
0.401141492
7.574475803
8.637412667
0.772707016
3.457957608
1.93722042
1.46944009
1.688165369
1.226915577
3.105832301
4.208578174
2.233113283
1.832488603
2.264790001
1.032042277
4.152387721
1.795637845
0.380889428
1.59576582
4.366626276
1.605258608
9.866537066
11.03714348
1.979140458
4.093996909
1.536212001
1.560989876
1.784336789
2.210691289
2.346997227
1.613876492
3.866730346
3.878607377
3.841215828
3.985425043
2.116961007
1.100086865
1.675044823
2.967751322
3.746823918
0.949764882
0.700066628
2.441392694
1.546564206
2.794565582
1.383463544
3.519470131
1.748950619
1.211269531
0.942026013
2.325605405
1.416354941
1.439072805
0.963417681
1.112731812
0.839801046
0.651485386
2.85515945
1.672047527
1.181144212
0.99818887
1.086150768
1.548538405
0.867547062
0.384276986
1.134281667
5.331033901
3.679166576
0.541449464
1.361096472
3.610912375
2.796972136
1.993017747
1.703305693
1.736075425
3.333310843
3.838879377
2.311326247
1.907142679
2.493892307
0.452488012
0.697114485
2.349832925
0.838579389
1.685389833
1.214219692
1.092625841
1.789281672
2.052842136
2.052038906
1.900128469
1.159286101
1.31526213
0.70307223
1.033096407
2.010515024
0.543033578
1.118717883
1.795696884
2.872346607
0.264158248
