5.865983558
2.359218595
5.101439653
1.742157948
2.775884187
1.610000867
1.225779917
2.294898042
2.788845609
2.712981254
4.216849011
4.65352125
5.292058867
0.392118046
3.865149754
2.875774647
5.356088967
7.40083251
2.813817332
1.850917597
3.392481605
1.667344614
2.656394232
1.75806202
0.565062185
4.408218435
0.903793634
2.722761431
2.067974407
5.014976323
2.416760795
3.602913123
4.791044709
0.242105699
2.479744489
1.067660876
5.842808761
1.612109854
3.262469118
4.241386851
6.228357122
4.028152664
0.825385535
4.978423588
1.60924944
3.647017484
3.480188852
1.225907077
2.261607647
0.441261456
3.516273933
3.645794016
3.49476113
5.61244839
2.700559898
3.650575884
1.958774971
1.200855465
4.589897725
0.178502939
2.687896788
5.801519088
5.835220273
0.558484197
5.893192025
3.627302299
2.550143085
3.253512567
4.646585365
4.865195277
4.496456547
4.125156319
6.524884299
1.201040843
3.480783471
3.061346689
3.192999791
4.616425004
2.581029511
5.134333376
5.622693283
1.159432647
3.909361486
3.573508777
4.532322844
3.252461651
3.123410582
5.871275821
3.434855313
1.495922625
3.323815467
8.538992063
5.158182233
5.197338154
4.57430786
3.242041239
5.791917074
5.680411361
3.120651307
4.15123479
3.815205904
4.789925636
1.317053292
6.204448927
2.31948667
6.149078443
5.921054875
4.67365531
2.589890977
3.351963014
1.50358397
1.130497306
4.172842127
4.978477632
3.322830472
0.478351439
3.816178591
14.06376563
2.572541222
5.067681729
5.15632363
4.377026342
2.119406786
2.910400843
5.131668739
1.542805517
2.054408766
1.728924278
2.903042802
3.285549756
6.863958365
1.67698674
4.096494728
0.277483525
4.060101258
1.416293892
4.052841732
3.301756074
2.990108006
0.326320889
2.431248364
6.181776116
3.095974083
4.747783557
5.146911435
9.086986864
4.700239877
5.032729712
1.755929157
2.527951538
2.099962333
7.252683683
6.403396988
3.319381345
4.475923452
3.058872561
1.775113758
3.846831855
5.577492469
2.828134675
1.619019689
3.936112771
3.265672977
2.688796594
1.990790389
0.702901527
2.101009368
6.156786435
1.322066229
3.982640819
1.82360492
2.47946877
2.915156886
3.734133787
0.698434243
2.655971257
5.469376445
0.520773732
0.825459929
4.163005338
6.10688936
2.944693589
5.105912869
1.912828934
0.639205907
1.701241372
2.241687793
2.921334772
5.601777601
6.075396695
3.460538467
3.563821863
2.832460519
4.232646684
3.057144838
3.82751982
3.320912718
1.139784356
3.419751552
7.228483854
0.75408183
1.164967744
3.059951709
5.717906055
2.080080457
4.633894724
3.808880053
2.184443141
4.961129962
0.873793212
2.334088617
8.664415339
6.111053952
1.877498583
3.394481878
4.554469433
3.313739395
3.031462903
2.844008036
6.32905437
2.813410724
3.215728225
0
3.791736819
5.463370343
2.569154339
2.365460081
6.567524965
3.112940832
2.473933861
6.467309089
3.132289702
2.615338915
1.98044306
8.327437648
4.107082196
4.354677859
1.144167896
4.795367344
7.595915989
3.114686867
2.861162232
3.254374511
4.952035996
2.753948374
2.559451124
3.526603368
3.344038158
1.364651596
5.959295773
1.971710846
0.666987351
0.862399202
2.750862114
1.429405539
3.361196721
4.633312854
3.908462265
0.73796739
5.326058957
3.926019531
5.181795921
2.726012374
5.825430474
2.040974032
4.722224723
0.138004957
2.919411143
3.591128886
1.284007033
4.095585173
2.455657783
4.981031891
1.732642316
8.901380873
1.895539981
1.364423272
6.656699414
4.597039365
1.794162964
2.610585016
4.255197887
3.739762301
3.180802636
4.262900209
0.847535645
4.28013272
3.240585446
4.082298367
8.404510512
3.020568392
4.731873314
4.504218815
1.958084217
2.279520078
2.529140223
0.913635424
3.95845994
9.161166396
7.31958113
2.763140839
0.458020946
4.433742295
6.001397375
2.78813716
1.662539826
2.261817538
3.175358948
1.708070344
1.220823389
4.553887965
1.773707451
1.905316891
4.938533547
4.645928485
7.871497281
1.496962547
4.720707568
2.942206381
3.591809269
3.841415447
7.194704076
2.661037753
3.395891088
3.012788485
1.453328312
8.273268249
4.803546082
5.505520941
6.289203177
7.362713177
1.883541898
6.074236531
4.083753981
2.707008366
1.262937676
8.660252627
2.829918249
2.486198491
0.251413334
4.584941878
