3.088099539
2.770762438
3.523306485
2.339240567
5.53200195
3.247891312
7.189417311
2.930952242
4.386937363
2.194882252
3.90501254
5.557293311
1.70336135
4.422794361
4.13782874
3.371680186
4.805692965
4.059490914
1.619494213
3.893754048
2.288087508
2.797900997
2.551334986
5.983821028
1.543444642
4.643070032
2.645208265
3.006346319
1.242928696
4.322767873
3.236124284
4.992171054
2.359020966
2.874639422
1.651155132
3.629834223
3.901814804
3.270548812
1.208289549
1.345326581
3.338265675
0.894471677
1.247997666
3.789134434
0.489454387
2.175388816
8.587865162
8.281235942
2.111317561
7.458378315
0.549481937
1.999945675
0.765051099
2.445373009
5.434
4.485900647
2.478663932
1.230569511
1.021102625
2.869491034
2.290698994
2.614562152
1.592140569
1.576952428
2.958804936
3.141897805
3.671266983
5.023585772
2.757582184
4.363455684
1.638868661
1.956473861
3.495621725
2.200031759
1.490026819
2.74077245
1.743965309
3.753806093
2.50309532
3.129500124
2.454239595
1.761903183
1.835687158
2.311796424
2.775101286
3.936357237
3.443831785
1.802583212
3.684122917
6.940248265
4.173253236
5.333632565
1.888492422
2.923192646
2.659076868
4.506726976
4.397151905
1.415666199
1.342217335
0.979071792
4.797249758
0.629569369
3.866470685
2.230036683
1.410057907
3.875370406
1.276642716
1.917745147
3.861356794
0.575473543
2.987817821
3.400624462
0.738332697
2.247556595
2.598116013
3.193367857
2.912237972
3.784880373
3.902095346
0.427024238
3.460140914
2.824011019
2.556807328
3.248298748
1.650319677
3.282591177
0.285777885
0.702863875
3.176511928
4.008947669
4.415906434
5.88686834
1.554399007
3.453910329
1.103955766
3.7387573
3.902192644
3.481992011
3.327183498
3.101572393
2.706149748
1.463446025
1.959878283
1.485778139
0.327182622
1.884870299
4.734914452
1.216704433
6.222083642
3.360560678
1.67140319
3.89095578
3.558854037
2.902965601
1.71980547
2.062916927
2.31247583
2.748677968
3.97277322
2.653873201
1.794526785
4.220105415
7.509017504
3.229788728
2.37303056
2.503732376
2.886116635
1.938664299
5.408673528
2.611319839
0.924713402
2.9567946
1.39948267
2.952186373
1.187031367
1.893306934
0.749810305
2.956956631
0.353013955
1.789607592
2.194687908
0.505391214
2.081643875
2.866041983
2.312427847
2.668623139
1.833890849
1.803401451
4.856987894
4.18254809
1.479459682
1.433848169
4.936745913
2.590880786
4.775735839
1.655770114
3.877061426
3.649594104
2.76675088
3.385152805
2.907821359
0.727945723
0.674586937
1.560996502
1.529504811
1.661977183
7.820366117
1.986066088
4.366188576
7.770458667
2.222041372
1.742909518
4.403505437
1.905260177
1.179311713
0.586755378
3.56551944
2.857552387
4.502968109
0.706113386
1.541523824
2.076623835
0.921793081
2.794177465
1.955335614
3.602152871
1.963453122
0.994409137
1.20423088
5.014255886
2.555009144
6.724691336
3.442170196
4.514442383
1.972326311
3.517881202
2.992014015
4.727922423
0.623907601
5.671101232
3.2735395
2.63423844
6.867191105
1.01292721
4.43271263
4.974292306
3.487976582
1.385047808
1.344919476
2.454690717
0.491403913
4.451554188
3.306737336
2.851377648
2.929884807
5.467222604
2.44414362
4.320991297
1.185021413
1.448009216
2.551773802
4.630791983
1.685845432
3.852564036
2.03031743
1.79677569
1.012097408
2.138420643
3.886916697
1.384153561
1.526349757
3.445269831
2.064337704
1.877446661
1.784352639
3.760122286
6.937417382
1.8679375
1.658608333
4.677145648
2.237801305
3.822245626
2.626523611
3.246456066
2.09973975
1.563355554
5.546583509
1.703504845
1.081057081
3.018015903
2.051277459
3.276948407
4.244880769
6.861062239
0.357941818
2.941652786
3.222407879
2.954249804
2.310501176
2.028759546
2.591326491
3.961501808
4.806128302
0.407571272
1.268881195
3.059196425
2.042930343
0.693311091
7.579808428
1.175477843
2.680089982
4.434681618
2.700912518
0.263922735
5.143484818
3.418964949
0.504093467
3.502819022
2.822189875
2.795409483
4.723777741
2.889390368
2.449160221
1.568857232
2.213859389
2.857339616
0.284375267
2.830635176
2.732734735
4.607641351
0.957774149
3.203232611
1.697961218
1.416997207
2.535811703
5.443383669
0.520624254
3.538089725
5.546143665
1.810927004
1.946463391
0.871489673
1.117844111
5.275490095
2.866517166
3.805184153
4.420524134
6.794257271
0.391011017
1.840451182
2.58481811
2.621889095
3.810846762
4.082146288
2.54108283
1.041036122
5.331683574
2.966826628
1.7519837
5.242558113
1.848383906
4.644426202
3.009105251
3.658915538
2.012923254
4.261861385
5.376577658
2.336162061
1.700126896
1.214143195
2.920781373
1.891639981
4.256444159
1.968510922
4.177810258
0.718966652
2.376233205
3.965238329
2.807078982
2.909300192
3.358012454
1.836886052
2.638475686
3.730832369
3.840475645
0.245930121
2.795846162
6.304461854
2.189466301
1.233671339
1.681186176
1.315194349
0.859032927
3.307417299
1.610227427
1.60005661
1.802632595
3.966338186
0.983846162
0.381279483
2.268824324
3.057088031
2.533691956
1.326522005
2.94038254
3.547764028
3.060853218
0.431199277
1.125743309
2.32815911
5.090013493
3.375775901
3.06467712
2.678436739
4.235502331
1.275217853
3.369787815
0.415183329
3.70857551
3.425316812
1.718697343
3.973636118
2.858616033
1.908339922
1.15925294
4.2170746
1.970263294
2.998839544
6.217189692
1.154500515
2.110577089
2.574171267
3.210422766
3.852020796
1.766976059
3.242646817
1.086682844
2.254902839
2.232525731
5.137831854
2.268973375
4.472562119
0.294379433
1.440095853
1.989087911
1.951620274
5.171227345
2.99815652
1.539081982
6.0861057
2.954015481
4.372229689
2.932062089
1.932088587
1.951890149
2.528875475
3.421077122
1.935829491
2.628162347
1.759447197
4.287038294
1.491353699
6.361549067
1.757672776
4.226470632
2.311024466
2.415811886
2.560724263
1.079381117
0.986305403
3.268953127
1.929069333
2.600535199
4.974456005
1.22296176
4.427149469
4.46181502
5.513335659
3.376587908
1.449246574
1.248122032
1.329481589
2.633583384
1.38950266
3.184834857
4.624371752
2.835402574
2.170595916
1.752159214
4.632705358
2.451405702
3.27779335
3.137900898
3.345068089
4.099544191
2.596780193
1.131917837
3.747993546
3.764999979
1.880624274
3.506480067
4.668515614
2.233347653
2.114341724
1.061002713
4.782250789
2.339095905
0.811335696
5.149775374
1.233732107
3.709884464
4.51776982
4.976036794
3.552332632
3.704967545
3.307703591
6.563601925
0.146345135
1.700903109
2.282608837
1.933197841
4.198778419
4.454662197
5.110824139
2.633974559
1.141008844
4.367349892
2.7982587
0.721740462
2.592127576
3.316597683
3.152250578
2.647604425
3.135269884
4.525707338
2.630385482
2.848335245
2.295022889
2.193260515
4.881862932
1.28698387
2.041369452
2.954331577
2.617689317
2.948628552
1.808878404
2.437490256
5.859892989
4.743742401
0.68880409
1.797415034
3.380489026
3.867904303
5.464181641
3.578449818
0.895097952
1.205975893
2.54040695
1.325529924
3.34348856
2.71819408
5.220254892
2.523754787
3.604140826
1.506690001
3.093811417
2.203026447
3.760143904
4.107370028
0.64667309
1.618580156
2.248263492
2.45786644
6.049806535
1.656706096
2.419013978
1.322489863
5.917512324
1.847204498
1.670220762
4.789166238
0.810881222
3.308254925
2.51624008
2.379761721
2.866712394
2.57338986
2.831443802
3.077876417
2.78930836
2.285318663
1.754035322
2.790657926
3.178757117
5.502427573
1.391747439
5.477726789
2.587434933
1.943247196
0.561959019
2.712977346
5.079672657
3.326021251
2.898544739
1.886359052
3.792344848
4.814536266
1.965824426
5.073856461
3.40931121
4.882428525
1.708225071
3.356831095
0.854537593
2.109011823
2.565552822
1.048097451
1.146539025
0.557659261
3.923252681
6.950630855
1.620004621
0.446559105
3.950461918
2.749039782
2.251110179
5.992102057
2.463245119
0.600893461
3.726262562
3.007232516
5.962367157
1.60838323
3.31262122
4.396407418
0.817630816
2.982947996
1.306860765
3.724241366
2.257641852
2.018900554
1.199859986
3.514989296
2.983043649
4.812097182
3.683819188
4.223528938
2.097113881
3.452672653
1.24649225
6.461230062
1.96790617
3.684769293
3.288828854
1.413765958
1.395021162
5.815327596
5.136221493
2.588654062
4.733972741
1.737280385
5.146638106
4.162044527
0.818311397
4.066445609
0.708549046
5.316918377
3.243728759
2.391468818
3.438414041
3.554128295
0.905347789
0.352600348
0.662224709
4.411378772
3.659466829
2.011586277
1.142503835
6.125110412
2.188336481
4.450091951
6.493330444
2.080908087
1.283443439
1.487816646
2.72399112
2.299043705
1.602864142
1.637705393
2.372918883
4.799136324
5.151610258
2.264220363
0.661422398
3.27719187
3.782528507
1.794369314
4.69640345
2.228721184
3.313261746
2.270842704
3.502024339
3.176918088
3.83096158
3.170975063
2.539252523
6.011409136
1.877057565
3.206653305
3.237278966
4.569509456
4.183318249
3.356501369
3.925447297
1.9260046
1.884572805
1.669961332
2.330543483
1.524705971
1.440013884
3.189253635
2.970280554
3.352213597
3.072558319
1.995939029
3.438561661
3.086650133
2.577746492
3.547233232
2.460969504
2.822356978
2.683120707
4.052914567
3.69057991
4.129661663
2.171771203
3.918326384
3.57770317
3.469056084
1.734364952
3.845477902
2.115301173
4.992549174
4.219148327
3.910698517
2.462280618
3.929575074
4.373879399
3.485321854
2.393043754
3.461704004
3.154694089
4.636282463
4.979537022
4.636848723
1.34425092
5.70387442
1.48086356
2.826808724
1.270488713
1.817366021
2.937584433
2.573084677
4.494151185
3.219872183
1.302881417
2.556895834
2.162583599
2.311228321
2.048256419
4.428988938
4.612399326
3.408323856
0.626792555
4.49836433
2.773285507
3.446265466
3.066997444
7.425728238
1.112955793
0.901168754
2.056550187
1.551194681
2.796735616
4.686435286
2.631440945
2.328953029
0.794170244
3.353327985
2.030526077
2.673166161
4.854054026
1.021158617
0.619495067
1.945089999
1.469444308
5.137979719
1.907201788
0.590921885
2.271663071
4.159827607
3.24623358
2.918700556
0.85919084
4.961424961
0.789605158
3.173394231
5.418628193
3.106048127
2.079372827
1.292600558
3.184691095
5.783818946
1.621086723
2.086471435
3.263358379
1.445764926
0.649012896
3.153886645
5.646540144
2.377631801
2.796968444
2.414192457
3.369638546
2.631603466
1.636737106
1.558438554
4.499943673
2.836453102
3.213451147
1.155643731
2.75385395
0.416178826
0.594755783
3.939755261
6.871781167
3.397408735
4.909023008
5.158697975
4.453315121
2.611555261
2.802087483
3.228371955
2.738031575
3.07043215
2.32429012
4.498915003
2.202745099
1.751831033
5.371424039
1.926231225
4.726694035
1.175641822
4.930756056
4.097719103
2.134997336
3.653017835
2.899392598
0.541456698
2.047025112
3.758427312
3.037160187
2.068639322
0.842169705
2.299187763
2.899426036
4.757003254
2.940038393
2.84682645
1.270742583
3.68406976
3.596425617
1.726952216
1.333986618
2.874737742
2.974711386
2.329937872
3.464534252
0.628811275
0.634567027
1.393388809
3.454403848
2.991151294
4.1995329
1.879348189
1.883118222
2.615585098
2.859972263
3.073427965
5.77630264
3.111427378
2.650562056
0.728946992
2.563111845
2.273278223
3.044181856
2.76701318
1.371075886
4.543118874
6.399153715
1.526869571
2.237698406
2.998896932
2.487315924
3.679195498
4.454478964
1.752787609
1.715039629
3.60901687
2.634982365
2.629893502
0.572670268
1.091344493
2.341051996
0.496536794
5.638343164
1.606143547
1.834003696
2.356596494
1.6386057
3.338660963
5.980936815
1.413125261
2.497567056
0.337653878
0.788096496
2.985751973
1.858207771
1.783761241
2.903710315
1.774054046
2.294789886
0.761797755
1.332834232
3.537049551
4.079663031
3.335969852
2.010541536
2.529989079
2.374022418
3.56493652
2.734318104
1.717047402
6.258234722
4.846978002
1.44517922
4.251385353
3.154823131
1.346832917
1.228264039
3.583104315
2.464268708
5.306597064
6.127645137
3.79167798
3.275030091
3.503062906
3.97869099
2.778892635
2.65891456
3.271864619
1.426951521
4.758750414
3.906304139
1.75985898
1.327618103
4.062395562
0.638343464
0.168962275
5.825828697
3.553137574
1.490878776
0.633602626
0.875205084
2.051577604
1.378813326
2.716307166
4.267561374
2.262283376
1.642110901
0.984969433
1.794318284
0.787593706
4.833497257
4.278290225
1.281274868
2.937134043
2.377554457
1.745056898
5.421322294
2.070928802
6.362167707
1.303720351
0.894574032
1.303737392
1.826066018
1.306694522
3.338039076
2.781718733
2.777247649
0.293888484
2.371848458
2.288339546
5.306247305
4.157844234
4.156677639
3.351731207
1.631249695
1.176495836
2.493420531
2.517626859
1.7002445
0.913580398
2.143650022
1.427402224
4.784698243
2.110739191
6.723650198
4.416101866
4.931683312
1.867623806
2.253753505
4.462002815
4.19210526
3.953275167
3.499887263
3.54548303
4.524841612
1.013359262
1.408226344
4.938353418
0.741194497
1.783081349
3.646545408
3.904979017
2.803600945
1.565699878
3.023392683
2.207344705
2.027838634
4.393074301
2.775175436
1.809582922
3.224684766
7.5565234
2.920990247
2.527402944
0.976173267
1.968508086
1.721430823
5.541068849
0.697504539
1.605683335
1.068990811
2.78018088
2.554970897
4.455340687
4.861697125
1.808732519
2.288235097
2.89771303
0.442879713
5.029853451
3.497724948
2.780666943
2.459535688
3.119043553
2.271792922
5.858987819
3.215021604
1.336770211
2.664014957
1.212393081
3.181895996
1.960825341
2.954766173
3.212718364