1.382620936
5.978831107
5.31315535
2.639118267
1.695469729
1.739728855
1.82628454
3.125351651
3.799028671
3.084150232
2.697196303
4.429408059
7.096394095
4.287569315
0.056732614
3.806988761
3.919132227
1.505176666
2.656645728
2.195026073
2.737883704
4.417881313
3.969180441
4.106311675
2.855953469
0.626192059
0.822010951
1.320477004
2.831627118
3.382131768
2.278374819
2.996484367
6.479064223
2.160401194
2.428082775
4.693274216
2.869874939
4.627613922
3.151257545
3.69505435
0.728961443
4.474577663
2.228198093
5.955178472
3.076062151
3.682873097
17.05632996
11.58334383
8.751324261
2.007259772
3.091702564
1.224019007
1.559001141
0.741176293
7.701071253
2.539798544
1.149011967
0.904496929
3.196360519
3.388932959
4.547459362
2.391668194
1.526825112
3.609931116
2.59265845
2.411348669
5.035944712
6.613315578
2.351985686
5.218202333
1.12333811
2.481383985
3.733278687
2.744023788
4.78330307
1.936305931
1.200936842
3.123188474
1.838338465
5.29263704
2.342727443
4.013722103
3.394404292
1.966800721
3.283659786
2.909454543
3.363650797
3.379575289
3.825696424
1.295238231
1.227445369
1.89720562
0.642035713
2.335078761
2.288680423
1.843756559
0.397778213
3.297507348
1.241317192
3.026070265
2.752726319
2.163122382
4.367444933
1.180526515
3.176528967
2.438065879
1.437569951
1.194266446
1.744971586
0.212145388
3.855299982
2.042167255
3.648160941
4.26879857
3.649782401
1.276229637
1.481413361
2.353919653
2.339459146
2.035060035
4.1019393
3.572970538
0.820494741
1.503650811
2.966615764
0.616631077
1.963556776
2.267867778
1.117550537
5.187657556
2.944378933
0.76316484
2.689351436
2.759326204
1.573292553
7.941202767
2.052596568
0.894712271
3.070205804
4.982742087
3.241132712
2.361870873
0.362463791
2.867700663
3.12733593
1.413608061
3.782978685
2.533433698
5.583639594
3.969236521
2.186457657
2.747978181
2.021837397
3.761395745
3.119144683
3.750906093
2.774943399
4.609456628
4.539908999
1.882107718
6.325221873
3.008761145
7.02380133
4.728959051
1.831314795
6.014187371
0.543659622
4.525619482
4.495482179
4.511336849
1.136964252
2.427158924
1.396281104
2.50710971
4.985719459
4.207879258
6.253018646
4.272350685
2.493147277
0.907862747
1.170000477
1.112306269
1.351630985
3.253315502
2.824988674
3.257318273
2.951803011
5.479602744
4.819336821
4.615292101
3.328256148
3.126510581
3.432969674
4.437031277
1.706226085
4.724093383
0.718558644
2.772915551
2.286201032
3.343523525
1.129938772
2.312037331
3.102363248
3.054298989
3.802839901
2.393733464
1.339457638
2.29660974
2.575657541
1.476832639
2.482294266
0.856071886
0.484125887
0.861182792
2.393636538
2.716218702
5.22564708
2.481494984
1.557751988
7.090646691
3.228030047
1.966849139
4.981583938
3.903454093
0.596659065
3.495023128
3.397300193
3.487885324
2.275111635
0.726622346
3.148821994
3.311674063
1.000841531
5.328000342
3.895935869
3.713878322
2.865312592
3.136643442
0.352198037
6.970134873
4.706734276
1.251527112
4.419635143
3.371660558
4.200360651
3.312374742
4.500478584
1.147833014
5.510976887
3.254741217
2.788989457
3.287527263
4.002503092
4.109464461
1.61965426
1.997042246
3.871598715
4.917831794
2.560377275
1.829263095
4.249269579
3.877073535
3.611967023
1.743568091
3.978342151
2.009664926
3.618594715
2.204461667
2.291708561
5.214916285
2.957746927
4.088488981
3.25443048
4.890672809
4.685497479
1.968598347
3.326549648
3.310927633
3.285338586
3.565248163
3.604061519
2.953118235
0.731220258
2.865240769
0.362434507
4.268001076
2.562839649
2.013432915
0.86765903
5.451652158
3.489777379
3.196431748
2.079430437
0.640839828
4.367430404
4.069727412
3.679409764
2.2098283
2.652147684
4.530292973
1.629766085
0.581852072
4.395148398
3.442339031
1.704702502
0.911447545
2.072368546
1.475605646
0.261041324
2.247223968
4.195189755
1.774434087
3.929860915
3.003205541
2.268715773
2.56190697
1.320606132
4.749507405
4.722985268
0.558690015
0.866537844
2.529157255
3.355825985
1.930919199
0.724425113
2.691516485
2.16203005
3.191328371
3.166324691
3.499604045
3.961111457
4.364889949
3.501490016
1.428193673
4.526467243
1.990332399
4.542801286
1.854176086
0.679112878
1.424051589
5.682061753
2.259120302
3.54083461
2.246809331
2.720831287
3.377105377
3.833134429
4.49062725
2.590420488
1.051143208
0.52658336
3.832229537
1.818278467
3.106204058
0.854300353
2.92096416
0.110466508
3.753724745
1.423958296
2.288157009
1.845166204
0.55967779
0.218099187
3.643636713
2.412597405
1.791819806
8.355177241
3.457941381
3.053545268
3.122968673
0.600032905
3.84221093
1.902200364
3.812709946
1.906751377
5.003114951
1.843792869
2.468606349
2.622818158
1.990212291
0.52621242
4.137368254
1.265502752
3.153247629
0.218648164
1.95531855
2.693276658
3.071036879
3.191039494
2.783867273
3.238024558
0.736777767
3.709149154
1.719016553
1.965902053
2.721464516
4.241794562
1.614994567
0.847942037
4.155998368
4.728251817
2.981487108
2.617442462
2.966927801
1.238838759
2.361860612
2.421838228
3.019344169
0.419416794
5.740731307
0.595622624
1.121235206
2.426335391
2.520207681
3.656951923
1.312517531
2.644453049
2.199019736
3.332183303
2.24551889
1.882680683
2.944673712
2.085001326
1.657821363
3.25044193
1.691314351
2.757589531
2.570650944
4.23775292
2.320128088
4.043328919
0.26093361
2.49324376
4.344475749
0.215375498
1.966249838
0.451942842
2.311136055
3.126302195
2.88053443
1.690804943
1.979740675
3.374467319
1.038580021
4.157859225
2.082531157
4.862564627
8.988648742
4.519397004
5.235780818
5.269448919
3.930271364
1.714851036
0.571704515
1.990300889
1.111363674
2.357429619
1.705747405
1.531798594
1.989499538
1.897933973
4.072991859
5.003275032
3.255461373
3.790613559
4.268599812
3.28622632
3.438335151
3.944741901
3.752409581
2.133858983
4.593071149
2.932137638
2.440403952
1.482183664
5.911034498
8.196047562
1.844616191
4.521676432
3.378184476
3.296460632
10.16854674
3.097763485
3.576627305
6.962654614
0.476081601
7.116910842
2.372146301
2.555913341
3.601479932
1.191063721
1.911038948
3.143844263
1.556454005
1.479577092
3.76591538
5.051292524
1.15282859
2.643923924
2.082890869
1.608251008
2.926841466
5.944181429
5.469518916
4.258714159
2.38259357
5.357563423
5.020932343
2.254481794
2.40931906
2.831989066
3.307597054
2.95530337
4.947277647
4.206162994
2.974034007
1.312328917
0.353033719
1.331434994
2.328775882
3.450216568
0.332527765
4.080713304
2.414022632
4.207764399
0.926814356
3.340918698
0.592657657
0.81573057
1.730446491
1.120498412
1.432671458
1.622374289
1.04627256
0.076323651
0.86547812
2.899963495
6.365046293
2.117439081
3.705485161
1.178609749
4.173655766
0.578758497
5.955376365
2.013353892
0.551322291
3.342600897
5.931582336
0.411668972
1.322799873
3.302972282
3.133798489
4.599913587
7.250461553
2.540123906
0.462393036
3.735910935
1.468296814
3.265238394
1.871800731
2.218794422
1.542636
2.70552328
2.228709494
4.945245443
1.933408992
3.553856433
3.658463457
2.724420135
2.762041095
3.904289425
2.916575635
3.398398455
2.883111759
1.915363825
6.034203436
2.566188151
4.792883133
4.900372277
5.42378409
2.177177838
2.490559701
1.015869639
2.248044511
4.287066291
2.090785529
5.083865421
4.807510603
2.241121303
6.009175587
5.003793121
3.502316798
1.184787871
2.541235069
3.720644092
1.466038434
3.139079481
3.813514286
2.955438894
0.542187786
1.644358104
1.237576468
4.06735124
4.204418185
1.523396176
3.161136682
2.042927586
3.028695182
2.319827433
1.946000244
4.178383811
4.983706606
2.771179292
4.879920433
3.645542402
4.058491818
3.543884873
4.410679374
5.364882573
4.214251527
2.40385202
1.851547801
3.837435147
1.859122212
2.948400831
2.040649375
2.135450395
0.57763959
0.761598548
2.122308289
3.793692566
1.550336706
1.251776362
2.080840339
1.613894303
1.6274247
0.102219476
2.418529535
3.357784882
2.534476805
5.622943505
4.083740587
3.807990911
1.509346306
4.842843091
3.763475563
2.216080525
4.010012742
1.202102184
1.645303512
0.726617789
3.588896352
1.984444304
1.946616248
2.212707751
5.316344939
1.59285874
2.741380308
3.634039279
5.331690053
3.345372772
3.337771836
5.777937009
3.272958041
3.368210617
4.600467636
1.901949519
1.486652836
1.379369462
3.807083357
3.710857152
4.322302859
2.062611161
2.353087714
1.212153782
4.025123785
4.505250569
2.36584689
4.465896676
4.028829491
4.02865892
0.676934363
1.974889714
3.250465343
7.339697497
3.801100214
1.884722306
3.943423911
1.792563418
5.838082314
6.30525125
3.331963317
0.896232495
6.488337579
4.379497725
2.793985693
4.163844611
6.410572494
3.658087144
4.711126544
4.211447444
2.060541039
2.580435962
4.085302092
1.591226941
3.454971411
1.714994623
2.84769927
3.890371122
3.457514492
0.8490625
1.930469448
4.554548515
1.699801601
7.694007532
3.960933625
2.104168006
0.974330367
3.025876133
3.757497258
1.529373074
1.906465859
2.587084225
1.186292273
2.612677135
3.22660068
1.918202918
1.749332836
3.041212843
3.217750925
1.049973856
4.514828645
1.155186898
2.367499547
4.396040268
2.297594667
3.811170314
1.630006551
1.303183187
1.949028407
2.923040235
1.895679542
2.631264841
4.918719941
3.96251942
5.929955063
3.542017839
4.211183345
3.688619641
5.356708489
3.162535706
3.191600247
1.224129174
1.082625963
2.370424248
2.113136798
4.216236951
3.915678188
0.911501432
0.706889082
4.143151649
1.347672674
2.335404749
2.63750908
0.845678233
1.765389496
2.185644025
2.823985452
1.51792452
3.048379957
2.781865266
3.999062683
2.766703657
1.615411884
0.976474143
4.356189916
1.964590332
1.372851286
2.311577532
2.74913411
5.91541653
3.063123165
1.505219506
3.112602606
2.44330419
2.410223584
2.758902196
4.800904889
2.827372705
2.530007364
4.046581584
4.123731802
2.420487951
1.77562439
4.533291184
6.811542945
1.803408235
2.763057989
3.637166362
2.331130672
1.941673878
1.857288259
0.695225787
1.242213209
2.425091758
3.222138013
4.751476153
4.485255879
4.821433849
2.042188348
2.748439186
3.126642681
3.218619146
2.862322248
3.607965093
3.198797902
1.074136447
3.113746467
1.848431413
4.031115855
3.952730202
2.179745986
2.420096459
1.471657216
7.269553317
2.458263956
1.787757676
4.064855852
1.190854254
6.25630711
1.025721477
2.905236177
1.196634949
4.290067061
3.286759258
0.759521414
2.195082949
1.328740838
3.906818201
2.262587624
3.493861027
3.848249166
0.700822602
5.849826603
0.527198358
4.364726938
2.45573515
4.246069035
1.094532841
4.50838039
2.019897416
3.090687273
1.343552062
6.201686222
2.30742324
2.077423281
2.200003142
2.630826622
1.140311384
4.01915081
1.66134337
2.668058918
2.50532483
2.098323061
2.696395482
2.952307259
3.094313703
3.81179602
2.501976887
2.744671557
2.395389781
4.069221144
2.034366517
2.88439493
1.598665769
6.928831922
3.551650783
3.960723864
3.809669907
1.423913023
2.304849793
5.225524958
1.243035816
4.918105785
2.638779139
2.401113132
3.223120511
1.424355126
0.561669051
3.284987129
4.024714423
4.266834108
2.827323975
0.34790458
3.12733013
2.096228644
5.416177075
0.983183816
4.300172664
3.512140242
2.835767877
1.557591061
4.751241572
1.154325631
3.10731266
4.090921388
2.189960496
3.834742996
2.123882128
2.956901978
2.484464652
2.592310787
2.326840012
2.098853087
1.871953959
3.148743378
2.625356383
2.412428198
1.835436185
4.476004309
3.025554327
4.768091371
3.092869911
2.291099121
0.645713651
4.758038742
0.35079144
2.164544281
1.289734171
2.294482045
1.628448406
1.63045311
5.848120426
1.957035731
1.753097695
2.10633811
2.898678082
3.2131966
3.336507355
3.06316422
2.797683139
1.936201203
2.228560196
3.298780583
3.456440876
2.247592332
1.922179559
2.942958486
1.512849752
2.431498316
0.675535117
1.039822615
4.883459729
1.76372144
3.201818154
3.561019029
2.438192349
2.884952381
3.473172778
1.66233724
6.208436225
6.632912025
3.759222562
4.219618472
1.855486303
2.556029851
4.996444292
3.912729955
2.891065934
4.432466358
2.440994827
3.551874603
2.051971824
4.148775738
3.48860656
3.144054477
1.703550333
0.361026327
3.752546667
1.323140938
0.116099881
2.466830089
3.9770825
2.19855911
3.771231889
4.930117596
4.004133485
2.781308893
2.754927976
1.467732327
0.883741571
1.931823774
2.170504116
4.498814441
2.184028054
2.87026932
1.754686458
2.600633802
3.673181524
1.352588246
4.926004148
2.29921051
3.745302266
2.804300568
2.338834262
3.560063161
1.883476995
5.068183238
2.589761426
7.096256343
0.664589069
0.92877673
1.232867978
3.893251112
0.706627763
2.037401772
1.599498731
3.225189645
2.616177789
1.598787542
1.973497899
2.023297086
3.308242408
2.72318463
0.8613505
3.531743175
3.287403171
2.127108966
2.400785247
1.765767099
0.785841732
1.557948417
4.902965912
3.365017475
3.345273674
1.364004206
0.96640452
3.753640355
5.382654928
3.173846475
6.744422549
2.112757522
4.851124892
1.067811861
3.567163012
5.157321518
1.023419571
0.663920679
4.40923133
3.118148742
5.686543604
2.810781683
1.615744145
3.174855448
1.87138415
1.383474388
1.355332524
4.960865381
3.915120077
3.714783815
8.706067946
3.165637985
4.113010452
2.733716711
4.466786726
1.848624065
2.540637937
2.227258711
5.946115956
2.188271698
3.81182796
2.154170607
3.145753204
3.757603278
1.03830681
2.820373448
2.496298124
