1.305468228
0.610351173
1.460118037
0.795939044
2.707728493
2.10044201
2.576584586
3.384887235
4.17500101
2.511374741
2.472183133
1.882877984
1.660051065
1.17253442
2.803796464
1.171359365
2.628014512
2.609651039
2.968229098
1.782606003
1.643639206
0.359397783
1.071850603
1.744430112
4.192248093
1.273363884
3.561696771
2.441646995
0.998383835
1.562750261
4.234264041
4.378980895
2.03236542
3.358682786
0.98217907
1.90402519
2.522033142
2.033677332
1.929183107
1.956087265
2.347355808
1.748266157
3.305389218
3.294116036
1.169183568
2.067677455
1.202718421
2.478531294
1.452540239
1.478169715
1.881814724
1.760591967
1.47170683
2.159010009
2.011561337
1.797911101
2.473400005
3.170402067
5.358009541
0.776630134
2.627904579
5.371961821
3.035045454
1.738092219
1.570152369
2.946013225
2.209759118
1.113334912
0.66034998
2.244011421
3.171250344
2.468951244
2.909258782
0.483038083
2.608734882
3.662436067
3.503496447
1.288786424
3.348107015
1.334194232
3.722824603
1.241196813
1.62891676
2.943743051
3.599612386
1.437493991
0.454500352
1.241273603
4.115548338
2.779920626
1.657548606
0.777298342
1.286244518
2.006313551
3.795626087
1.280184727
1.085286841
0.374575423
1.541697727
1.480171252
1.027820128
3.325357193
1.396306755
2.62777711
2.992572829
3.277459809
4.59886086
1.791268981
3.945092153
0.376484543
1.100173913
1.272215557
2.819133333
3.250972752
1.38312586
1.642409247
4.956328839
1.861083462
0.279899009
3.272617714
2.378241222
0.836242799
2.560227012
0.443945951
1.212494655
0.559956653
3.297148716
2.384838226
2.241381574
2.253759684
3.287468158
0.506340446
2.725694928
3.925144308
2.488067916
2.258894848
2.720071771
4.441898336
1.048186584
1.18963858
1.914651551
1.16728906
1.480717944
1.637020193
4.156297506
2.166886327
3.528907986
1.910891289
2.384489855
2.369206884
3.32185763
2.912229795
2.551966157
3.805483558
1.024644921
2.106174842
0.249221285
1.575014023
4.71006229
2.053514633
3.470159107
3.935149699
4.52979348
1.75260395
0.39415071
1.526663345
1.299230721
2.857041396
3.697280888
2.090550105
1.346172757
1.081930791
1.063116892
2.098155372
2.769461593
1.708165287
2.529844447
2.917693882
1.125016096
3.041551614
5.810486391
1.634938108
3.172977315
2.402348083
1.700064266
1.672587832
1.441460333
2.061900966
0.446856291
4.85031391
1.259219656
0.507761636
0.466284053
1.940765667
1.318843383
1.389266243
0.377910701
0.317973315
2.446692655
2.928014791
2.48872754
2.3693864
1.403488518
0.971855253
1.597454452
2.251872974
1.158620481
3.629540069
1.677724609
2.068555397
2.815106678
1.851760926
4.56014433
2.919756291
1.5758341
2.476637054
2.967403256
0.399292599
1.317874273
1.960077961
1.05672728
4.066866216
3.283892277
0.443470911
1.107651652
4.560929193
2.203813444
2.38696904
0.895851645
0.435987042
0.644636085
1.678349595
1.604128475
0.290612839
1.941966908
2.80064639
1.964936095
1.296985363
2.274304671
2.859660005
1.692646474
1.724541767
0.331963802
1.123189739
1.553294349
1.618104301
0.953600101
1.321762689
1.393338262
2.518705805
2.277727084
2.305639498
2.078653737
0.89242132
3.440143339
0.443093195
1.10950746
1.864919371
0.266738506
1.07042741
0.824106993
3.373837297
0.903480095
2.673996306
1.977272501
0.969363233
2.963039351
1.105178697
2.116942321
3.576628755
0.99966552
2.630934354
0.664930184
1.190672467
2.61670483
2.435422248
8.823767184
1.538752603
2.444343019
0.998638803
2.436870361
1.124484931
0.828677016
1.000984428
2.950805756
3.59122986
1.275237917
2.004036785
2.412509203
1.11232006
1.871158609
3.213871255
0.937786954
2.997423492
1.504541635
2.377768973
1.250638873
2.021421082
2.791394933
2.274509044
3.278616204
6.365843401
1.76506218
2.156316423
3.328046066
3.178619677
3.041313024
0.16997987
1.373470986
0.98663809
1.184953659
1.800186809
2.517133704
2.722150377
2.165423055
3.846510114
5.023540642
2.765647946
1.957149408
2.790795484
2.548090059
1.321077408
1.21240422
1.977583614
2.915701442
4.961255573
3.158725799
2.893160767
1.412649123
2.659809196
2.721987907
4.088857993
0.88273048
4.483269224
1.398659869
2.528494074
3.107772548
2.747918001
1.551873246
3.708835008
3.180319375
2.135156816
2.815468731
2.898955173
1.158672563
1.868839257
3.990213077
0.997040588
3.098532811
2.015533284
1.740147807
2.303336657
5.162146595
6.273875236
1.102600994
3.906370238
2.754064937
3.226358212
2.160411801
4.641681523
1.019281467
2.45589503
3.209438864
4.264561277
2.32853025
1.85420621
1.206810049
2.201673219
1.110713056
1.275611042
4.284816258
5.421892234
3.02165668
2.203776495
6.084654318
1.485276893
1.781336826
2.206277217
1.020853913
2.814319378
3.491088669
2.00650272
0.543710474
3.389578008
3.995193941
2.114249424
1.449541327
4.372995738
5.153420258
1.80513621
3.310528049
5.58100482
1.863282949
3.431942553
0.24252605
2.555255783
5.115565235
4.942335613
1.244785491
1.456452667
3.065033535
2.043999234
2.353805494
1.785793648
1.743051188
1.075435646
3.712097868
5.183517578
2.065923525
1.076381394
4.423126051
0.936143033
1.697064335
5.989697738
1.764880749
2.296145438
4.789035292
1.67297093
1.275240268
0.867218502
2.999642072
1.25217287
1.930879078
4.756751966
3.331482164
3.997767671
0.458260518
3.490590598
4.942606181
1.173489436
1.852533858
4.746012251
0.715799015
4.123221625
2.843989098
4.294335646
1.084107368
2.366763221
3.48266525
4.756876424
2.736881168
4.117648372
0.691595621
1.164449204
2.732547867
6.545638805
1.938578135
1.756213743
0.54700793
1.121621852
2.663919838
2.555680692
0.123159715
4.281491008
2.35491066
2.727930892
2.741560119
3.009994952
2.491859875
2.399864035
2.741880497
1.601397017
1.020139191
1.252425572
3.685446053
1.145674733
2.027151704
3.669080602
1.848771855
2.077955455
2.288923179
2.017933581
2.327444482
1.808927192
3.119217896
1.039332473
1.743115369
5.076726915
1.95019873
3.031772578
1.33089028
2.182431232
2.257223046
0.553161424
3.168183364
2.918050123
0.740557939
4.953191498
1.943910689
2.584810728
2.022980756
1.189937235
1.603333949
2.670677689
3.207665908
0.738599756
2.117083161
3.243408915
1.667074841
3.251697598
1.484930478
2.036636412
2.895315668
1.155590306
2.505049191
0.88824038
2.953212651
1.946774377
1.916469965
0.644176996
5.161839758
2.980375414
0.424339222
2.485232188
1.717490566
3.428780341
2.502696115
2.6074113
2.122369304
1.140369063
0.890196068
3.027018892
3.292250833
4.527144314
3.026768669
3.051034396
1.284115594
1.880160517
3.142811055
0.942680964
1.183151866
3.079617482
2.611649153
3.580464239
0.969158803
4.435982987
2.710848283
1.541438388
3.374337224
1.004354315
2.249545203
