0.616630452
0.082110678
1.639816356
0.841503598
1.045893917
2.109335563
1.293597224
0.675908483
0.967443211
1.421647831
1.61838558
1.657519639
1.683621898
0.16388142
0.701088319
1.201915175
0.867024326
1.811633993
0.962529982
1.955670984
1.570106522
1.132021334
1.33487314
0.998837817
0.999845821
0.369556592
0.757474752
0.849027589
0.266548965
1.240668863
0.966069149
0.514693828
0.905132795
0.450230515
1.237637595
2.179597353
0.761565663
1.100225763
1.253319904
0.614848896
1.369257281
1.279116514
0.928907786
0.279079397
0.991645442
1.582633851
26.36899984
23.77993822
4.992996687
0.950762069
2.099760749
1.495296669
2.779384352
0.996432551
1.14465539
0.76846449
2.789144591
6.688136126
0.676079572
6.078827611
1.374891812
0.406852668
1.472300202
1.92321865
1.456130534
0.945011848
3.020443658
1.133105839
1.876919177
0.622168118
1.08652762
1.207532876
1.443608132
1.469123891
2.891131312
5.126432949
3.060788075
1.231865449
1.672186523
1.605745489
2.333187391
9.349902425
0.28425935
4.110510522
1.114052915
5.702810389
1.884547954
4.208002445
1.501798811
1.616554852
0.899621187
0.468242882
1.191394439
2.928409748
0.970181466
1.597213335
3.79293125
4.794451214
3.269885107
0.577095773
1.18241791
0.941303124
0.627658114
3.095552423
0.868896785
5.041341472
3.903732121
5.620367552
1.637306449
0.718781279
6.963395543
0.414485393
4.129216682
4.494450885
2.457076168
1.199972169
1.293538538
3.601934391
1.397032568
2.436841223
2.032637697
5.142142769
1.11456872
2.781114567
4.833651875
2.16982301
0.958027078
1.281998263
4.106500732
6.656241427
1.7943285
4.622236505
6.707385007
1.627885166
4.542229086
5.103830093
0.708750488
6.564661819
4.125443286
3.024319816
7.563740468
2.1347001
0.286574149
1.839121239
2.6916835
3.091318367
3.627955053
7.247020117
1.718547125
2.97398489
2.133225153
3.458183141
2.548621339
1.11098188
5.771215036
5.593156139
3.813310955
2.867765995
4.067823314
2.211573231
5.048368574
11.57507053
7.427867969
9.285418468
1.651159426
10.20534433
5.035452755
3.429157933
0.384700174
4.301796024
2.847372431
1.106736077
6.684006432
2.120674259
0.880367157
6.337415268
5.555239743
0.817373156
1.111725431
5.573912547
5.239687096
8.833845666
1.559979295
2.714205147
4.850896416
4.797825343
3.785832569
6.912509678
4.572452161
1.804003979
2.449238231
1.420032021
2.067178505
5.717589229
6.613221043
5.476838328
1.614086132
4.721007644
2.391882064
2.5126696
2.687603702
3.386268868
3.210121335
4.954860767
2.91338282
5.317652576
1.554043431
6.667835617
3.908014039
6.150423286
3.22535652
6.330384626
2.501739929
4.677496551
5.037128304
7.856990989
5.452864499
6.282363541
4.209386961
7.899835282
1.168006151
7.870032733
4.334705619
2.494583865
1.080415057
5.853642634
7.063602641
1.332840634
1.485525383
4.440668795
5.44296866
8.323184148
4.263958534
8.195234428
4.020928358
5.839283759
2.909816559
9.227075895
6.984929769
5.018934689
2.70736985
9.02857147
3.935599254
4.287107513
0.775256475
3.158848916
2.254440696
2.998524297
4.452750305
10.105902
6.243481123
4.297825163
5.114901419
11.91794257
11.39962003
6.461872637
2.815428189
1.689582332
0.416054326
4.1694878
2.95646094
2.793031438
5.800186603
3.948689094
3.276219637
1.203892557
4.056223152
5.888393716
2.514080098
1.63594386
0.763513958
6.046784755
2.729284825
1.797991934
3.311219233
2.650294213
2.500614981
2.217506201
0.859991806
1.182784418
3.434821624
2.72909397
4.866913884
3.899768016
0.633055901
0.565933991
0.312724515
3.297064817
1.336546303
0.241336828
0.234805699
1.950067377
3.479768861
0.671324708
2.318533557
1.337958497
2.230384829
3.243628077
4.144507807
1.396374324
1.675134482
1.512748045
2.578507841
1.167482704
1.532877259
2.003646102
2.832112865
1.138719456
3.42296043
1.392495342
4.947727527
1.699952201
2.787809488
0.414845304
1.954933055
1.097990499
1.061891524
1.035830561
2.644294077
2.028534606
0.460733721
1.473405678
2.011808301
2.286833685
0.829159277
1.383899459
1.384184905
0.364564827
1.801800889
1.025092963
0.260794959
1.010163556
0.941454721
1.531869463
0.988780085
2.615717685
1.589885584
1.64184025
2.843349373
1.623833853
1.475381645
1.632202758
0.650709581
2.282834818
1.421655999
0.381504733
1.128164784
2.727470481
3.033403432
5.284035591
2.788940468
3.890829354
3.074105131
5.224766083
3.813832501
1.817575404
2.070957669
2.411485024
2.267880143
3.902237851
0.19375373
2.057995381
2.057254226
2.863468567
1.72822728
2.876137357
2.564059301
5.77407953
1.632585208
0.434234171
2.039912929
2.255049457
1.81071205
1.833763482
5.512169242
4.837517145
1.971891851
8.727703268
2.335715738
3.095320683
1.714730633
3.311519462
6.60563272
1.933052241
3.868914768
6.85041879
1.083657472
4.937271165
1.881706562
2.754656807
4.792206665
0.919156124
0.237696594
4.794360574
5.9955758
1.883828637
0.511636166
13.36371966
4.229479136
5.042857902
10.08565408
1.258537034
1.893299568
4.379633636
4.507958433
2.615652034
3.128920223
1.747784006
1.167810231
5.394766215
1.914258335
1.471196323
0.290005756
2.740732356
3.076523346
3.159926393
9.647342415
2.402429292
0.322886341
1.179224364
2.191620851
4.133912329
0.297611943
3.833825976
1.587975284
0.495655435
1.945892357
1.049970622
3.549866272
1.730354441
2.607697961
4.346483609
2.87707707
2.447510589
4.835099277
5.188876346
3.774251204
3.314049266
3.600516834
2.879297722
4.222032649
7.654459908
1.853014679
1.336471296
0.748320801
1.976693295
2.405555276
2.182046403
20.221171
24.07948043
1.892548121
4.222616486
0.933567444
1.33718852
1.534944288
2.094227661
2.657069883
0.337545748
0.925241041
0.710372725
2.159159853
0.513721247
0.439797716
3.798092855
1.310148641
4.191266009
3.226463861
1.823041454
0.919439937
4.801858188
3.270436231
0.645622094
1.453624826
1.07341725
2.813210957
0.689221833
1.045825444
5.288913278
2.785331151
3.758770753
1.908224583
4.508119358
3.002156713
2.662911785
1.617737597
0.429737674
4.479882721
1.144501022
0.82890206
4.615694089
0.428831326
3.483295475
2.819471561
1.143556733
5.442546506
4.521814928
0.68581911
1.156967251
1.430684126
1.218016749
3.598516405
0.877415633
2.808314146
0.817952149
2.558472109
0.788948219
2.372977278
1.133684886
0.202661723
6.795734344
0.312245235
2.101024857
1.512442916
2.7800616
1.259008364
6.905363739
4.912329251
2.699541524
1.180742513
4.028924842
3.794317668
6.179483006
10.20946333
2.199198828
4.52834452
1.122354114
2.621595681
1.759310117
1.687159063
4.28718393
6.072991437
4.512381577
1.84433949
4.458967126
2.826339853
5.623532672
0.789842509
0.907392572
4.626214089
1.113249219
11.06725917
6.254892567
6.667948423
4.665894172
2.536530932
3.139897054
6.530330172
0.936298229
2.5631003
8.992356634
4.865433259
2.850114151
1.368530182
2.731659441
5.576292316
3.70764304
8.049058612
2.553459392
1.085168206
1.107011612
1.796103316
6.798968707
3.177993864
1.676355091
1.588082379
2.125756688
6.019323361
1.954408971
1.148415898
6.685699631
1.545318718
5.496625965
1.049934745
1.358339542
5.947218244
11.54785073
6.584031892
4.820985004
8.35148304
9.84898602
0.320619522
3.449689862
2.118211874
4.579113869
2.165069345
0.652757118
3.32760419
0.609239732
0.968000219
2.873951927
1.212912632
2.919334102
2.217757035
3.147149179
3.092720134
0.486646269
0.755277646
0.644600173
0.295517436
0.825048359
1.793044434
2.829437025
1.441406844
0.868697813
0.781698578
1.20334161
5.505118242
3.8282342
0.847027275
4.782165362
0.509473497
2.7063941
1.442527399
1.322361244
1.079575263
1.034873139
2.624201631
2.475800905
0.992654327
1.369248484
0.325822738
1.796346499
1.122523864
1.819791308
1.27149293
2.882444842
0.456590691
1.191845811
1.01404967
0.897774768
1.564660887
2.131018058
2.804061406
0.793613941
2.103436077
2.071202793
2.195876861
0.165192933
1.266669696
0.987143807
0.812693631
0.693387099
0.985743491
0.210049511
0.908655698
0.877381845
0.782476108
0.295259478
0.647429387
0.927489779
0.412779309
0.838691817
0.816543285
0.836230565
0.823843831
0.337933736
0.04857219
0.309678862
0.719876729
0.382828245
1.264003038
1.218330966
0.674863181
0.456400204
2.777112395
1.320516563
1.953386928
1.445981704
1.10874145
1.462057743
0.350607622
1.106878083
3.137009143
3.84569614
0.59511269
6.199690679
2.193537068
6.842402508
3.72223569
3.11676591
0.86896197
6.101502863
2.263047268
3.044920709
4.889845486
4.431775181
4.40043351
8.168935862
0.92827144
0.885159828
2.947244187
2.933088897
1.686714609
2.590353389
6.960182048
2.602069653
2.248276837
4.619342003
1.817525906
3.652858484
5.103263432
2.074902042
4.955934869
2.964234618
3.673808814
1.101078565
1.16749675
13.27780891
1.760659915
6.846758003
6.424114996
3.528488359
0.818932802
5.475884356
4.190682179
4.485787701
1.468029106
2.190840118
2.938074201
6.19388281
2.03245578
2.727671964
2.626772306
1.461527026
6.569089606
1.815147728
6.664395876
3.782470769
7.838972745
0.906687882
3.769498366
1.328633153
5.560422152
5.984354592
1.723696644
2.031044689
5.334821693
0.653704456
2.940419104
0.874451901
2.781845981
1.551327068
0.920149061
1.606040572
1.88372714
0.781142046
1.342333696
0.786207148
1.07653576
1.135748016
0.690149341
2.451080294
0.283551948
1.131416645
1.031968489
0.827288708
0.9960831
1.506090425
1.287509207
0.192838534
1.236633114
1.304153901
1.706279156
2.603520072
1.392347248
2.002651076
2.147793609
2.490435456
1.463093738
2.648213675
1.761397227
1.46963104
1.524375708
0.626762998
1.065667194
0.307387346
0.241550267
0.627201297
0.669219662
0.418312132
0.334712153
1.033590874
1.714246561
0.354653838
0.216517456
0.855570721
0.573467068
0.77748364
0.730236995
0.382986736
0.512461735
0.803738935
1.023526643
1.656748278
0.857529963
0.577681189
0.813979206
0.9095532
1.119993671
0.620347587
0.699497181
0.381313283
1.051750103
1.072720853
1.103796284
0.957053543
0.537821939
1.069801874
0.883912703
2.23575655
1.693477086
0.713946036
0.1472212
1.18786839
0.285953631
1.13460305
0.709312364
0.411924187
0.77188813
0.559387017
0.955153823
0.267642518
0.763686593
0.5065427
0.471551839
0.314717187
0.244849374
1.37315165
1.257980473
0.34640479
1.006931534
0.336678863
0.243550682
1.281132138
0.506839035
0.944883054
1.30425021
0.805370799
1.984254524
0.858960464
0.335602294
0.928705196
0.774192297
1.153520815
1.023959975
0.106956303
1.135829066
0.732113139
2.530800926
1.202662554
0.939788871
1.413518659
0.390011817
1.246227777
0.290499551
1.510238213
0.952355079
1.109529826
1.002875968
1.505216975
1.900947282
1.489304768
1.281753882
0.364879712
0.236987094
0.94365265
0.941105159
0.088394807
0.690809241
1.497060068
2.111028392
0.832626096
0.400298627
0.508149872
0.451796595
0.733567553
0.582194752
0.57843018
0.372467499
0.844548194
1.159262717
0.647795158
0.918367575
0.57736269
0.980146674
1.33765471
0.335298416
0.639233349
0.13800417
0.997344215
0.450233688
0.355720802
0.882458124
0.301681755
0.499367394
0.467486058
1.117489219
0.604312658
0.536033734
0.124000393
1.187317941
0.235461569
1.869720604
0.693412794
0.27760203
0.194205888
0.495568232
0.544067116
0.750877632
0.396883187
0.934389151
1.063294104
1.10028364
1.597851999
0.569512496
0.420271798
0.590274727
0.725680747
0.985326154
0.284151657
0.481944255
0.736170201
1.181378649
0.79025942
0.251490978
0.638280267
0.30287421
0.317193191
0.984434597
0.130467858
0.367851297
0.580176376
0.468998891
0.963973893
0.863335771
0.591531828
0.383815623
1.104952019
0.473167473
0.760438306
0.987891339
0.84708523
0.708600015
0.239032856
0.798557922
0.482451342
0.654576983
0.97387384
0.652539087
1.05127379
0.788824361
0.627943532
0.452214162
0.4541174
0.883988482
0.447282351
0.633956548
1.649857432
0.548124565
0.927985472
0.879197046
0.318418083
0.615740015
2.666755047
1.5695574
2.041564553
1.93976071
4.765323123
5.777672988
5.283508701
5.315064897
7.53718426
7.876944077
6.034954333
2.423710994
7.349653639
1.270671089
0.565651708
3.208711093
4.257722641
0.7586515
0.50133964
1.252837668
0.576545354
0.937776195
1.917979531
2.324063128
0.915405579
2.432468878
1.558872327
3.699652279
5.185534311
1.774313085
1.147595108
2.308246632
0.186979053
2.552720961
0.608700985
2.190724007
4.139527106
1.315410128
6.966663101
14.6601129
3.95045858
2.668361838
4.331679551
2.632168154
3.521199341
2.503568603
5.567653454
4.42331697
15.51139698
7.487585543
5.515531551
2.982667969
1.667583379
1.507381873
1.787405882
1.284288992
2.22830772
2.5711579
1.952058886
0.525293072
1.66762747
0.296921711
0.951956974
0.841553226
0.76849604
0.518272983
0.893317706
2.221829174
0.637834894
1.146813837
0.537522224
1.479170913
1.495401348
0.04884618
0.674035653
0.726683842
0.828044115
1.059136582
0.472151692
0.715364535
3.07820985
1.553768953
1.427828198
0.618798676
2.783453037
1.882329556
1.627396252
0.97603417
0.779871262
0.133393964
1.210801214
1.821277669
0.985393776
0.570001978
0.420323134
1.52559274
0.775286564
0.514480483
0.692622442
1.611439055
0.489989047
1.890014762
1.078674295
0.774057864
1.460667289
0.500695646
0.60349236
0.156827383
2.508391224
0.918897652
1.217609589
0.739200834
3.180735413
0.394444742