Slice	time	Mean
1	0.13333333333333333	6.5
2	0.26666666666666666	6.5
3	0.4	8.5
4	0.5333333333333333	9.5
5	0.6666666666666666	6.0
6	0.8	6.5
7	0.9333333333333333	6.0
8	1.0666666666666667	4.0
9	1.2	7.0
10	1.3333333333333333	7.5
11	1.4666666666666666	6.0
12	1.6	4.0
13	1.7333333333333334	4.0
14	1.8666666666666667	7.0
15	2.0	7.5
16	2.1333333333333333	8.5
17	2.2666666666666666	8.5
18	2.4	11.0
19	2.533333333333333	17.5
20	2.6666666666666665	20.5
21	2.8	29.0
22	2.933333333333333	31.0
23	3.066666666666667	26.5
24	3.2	18.5
25	3.3333333333333335	14.5
26	3.466666666666667	11.5
27	3.6	12.0
28	3.7333333333333334	12.0
29	3.8666666666666667	11.0
30	4.0	9.0
31	4.133333333333334	8.5
32	4.266666666666667	8.0
33	4.4	7.0
34	4.533333333333333	10.0
35	4.666666666666667	10.5
36	4.8	9.5
37	4.933333333333334	6.0
38	5.066666666666666	6.0
39	5.2	6.0
40	5.333333333333333	7.5
41	5.466666666666667	9.0
42	5.6	7.0
43	5.733333333333333	4.0
44	5.866666666666666	6.0
45	6.0	4.0
46	6.133333333333334	8.5
47	6.266666666666667	7.5
48	6.4	6.0
49	6.533333333333333	4.0
50	6.666666666666667	4.0
51	6.8	5.5
52	6.933333333333334	4.0
53	7.066666666666666	8.5
54	7.2	4.0
55	7.333333333333333	6.0
56	7.466666666666667	4.0
57	7.6	4.0
58	7.733333333333333	7.5
59	7.866666666666666	3.5
60	8.0	4.0
61	8.133333333333333	4.0
62	8.266666666666667	4.0
63	8.4	6.5
64	8.533333333333333	10.0
65	8.666666666666666	10.5
66	8.8	11.5
67	8.933333333333334	18.0
68	9.066666666666666	29.5
69	9.2	29.0
70	9.333333333333334	19.5
71	9.466666666666667	13.5
72	9.6	12.0
73	9.733333333333333	15.0
74	9.866666666666667	11.0
75	10.0	10.5
76	10.133333333333333	9.0
77	10.266666666666667	8.0
78	10.4	8.0
79	10.533333333333333	10.0
80	10.666666666666666	9.5
81	10.8	6.5
82	10.933333333333334	6.5
83	11.066666666666666	6.0
84	11.2	8.5
85	11.333333333333334	9.5
86	11.466666666666667	6.5
87	11.6	8.0
88	11.733333333333333	8.5
89	11.866666666666667	8.5
90	12.0	8.5
91	12.133333333333333	5.0
92	12.266666666666667	4.5
93	12.4	4.5
94	12.533333333333333	8.0
95	12.666666666666666	6.5
96	12.8	5.5
97	12.933333333333334	6.0
98	13.066666666666666	6.0
99	13.2	6.5
100	13.333333333333334	7.0
101	13.466666666666667	5.0
102	13.6	4.0
103	13.733333333333333	4.5
104	13.866666666666667	7.5
105	14.0	5.0
106	14.133333333333333	5.5
107	14.266666666666667	6.5
108	14.4	8.0
109	14.533333333333333	9.5
110	14.666666666666666	9.0
111	14.8	8.0
112	14.933333333333334	8.0
113	15.066666666666666	11.0
114	15.2	21.0
115	15.333333333333334	27.0
116	15.466666666666667	24.0
117	15.6	22.5
118	15.733333333333333	20.0
119	15.866666666666667	16.5
120	16.0	14.0
121	16.133333333333333	11.5
122	16.266666666666666	9.5
123	16.4	11.5
124	16.533333333333335	9.5
125	16.666666666666668	8.0
126	16.8	8.0
127	16.933333333333334	8.0
128	17.066666666666666	12.5
129	17.2	10.0
130	17.333333333333332	4.0
131	17.466666666666665	6.0
132	17.6	10.5
133	17.733333333333334	7.5
134	17.866666666666667	4.0
135	18.0	4.0
136	18.133333333333333	8.0
137	18.266666666666666	7.5
138	18.4	4.0
139	18.533333333333335	4.0
140	18.666666666666668	4.0
141	18.8	8.0
142	18.933333333333334	6.5
143	19.066666666666666	6.0
144	19.2	6.0
145	19.333333333333332	7.5
146	19.466666666666665	7.5
147	19.6	6.5
148	19.733333333333334	6.5
149	19.866666666666667	8.0
150	20.0	7.5
151	20.133333333333333	5.5
152	20.266666666666666	6.5
153	20.4	6.5
154	20.533333333333335	7.5
155	20.666666666666668	7.0
156	20.8	6.5
157	20.933333333333334	6.0
158	21.066666666666666	6.0
159	21.2	7.5
160	21.333333333333332	12.0
161	21.466666666666665	16.0
162	21.6	28.5
163	21.733333333333334	35.0
164	21.866666666666667	29.5
165	22.0	21.0
166	22.133333333333333	16.5
167	22.266666666666666	14.0
168	22.4	13.5
169	22.533333333333335	11.0
170	22.666666666666668	9.5
171	22.8	8.5
172	22.933333333333334	10.0
173	23.066666666666666	9.0
174	23.2	6.0
175	23.333333333333332	6.0
176	23.466666666666665	10.0
177	23.6	8.5
178	23.733333333333334	9.0
179	23.866666666666667	4.0
180	24.0	4.0
181	24.133333333333333	4.5
182	24.266666666666666	4.5
183	24.4	4.0
184	24.533333333333335	4.0
185	24.666666666666668	4.0
186	24.8	4.0
187	24.933333333333334	4.0
188	25.066666666666666	6.0
189	25.2	4.0
190	25.333333333333332	5.5
191	25.466666666666665	4.0
192	25.6	2.0
193	25.733333333333334	5.0
194	25.866666666666667	4.5
195	26.0	2.5
196	26.133333333333333	2.0
197	26.266666666666666	2.0
198	26.4	6.0
199	26.533333333333335	4.5
200	26.666666666666668	4.0
201	26.8	4.0
202	26.933333333333334	4.0
203	27.066666666666666	5.5
204	27.2	2.0
205	27.333333333333332	6.0
206	27.466666666666665	6.0
207	27.6	7.0
208	27.733333333333334	9.5
209	27.866666666666667	16.5
210	28.0	27.0
211	28.133333333333333	29.0
212	28.266666666666666	24.5
213	28.4	17.5
214	28.533333333333335	15.0
215	28.666666666666668	15.5
216	28.8	12.0
217	28.933333333333334	10.5
218	29.066666666666666	8.0
219	29.2	10.5
220	29.333333333333332	7.0
221	29.466666666666665	8.0
222	29.6	6.0
223	29.733333333333334	9.0
224	29.866666666666667	7.5
225	30.0	5.5
226	30.133333333333333	6.0
227	30.266666666666666	7.0
228	30.4	7.0
229	30.533333333333335	4.0
230	30.666666666666668	4.0
231	30.8	5.0
232	30.933333333333334	7.0
233	31.066666666666666	6.0
234	31.2	4.0
235	31.333333333333332	5.0
236	31.466666666666665	6.5
237	31.6	6.0
238	31.733333333333334	4.0
239	31.866666666666667	2.0
240	32.0	6.0
241	32.13333333333333	6.5
242	32.266666666666666	5.5
243	32.4	6.0
244	32.53333333333333	4.0
245	32.666666666666664	1.5
246	32.8	2.0
247	32.93333333333333	4.0
248	33.06666666666667	6.0
249	33.2	4.0
250	33.333333333333336	4.0
251	33.46666666666667	5.5
252	33.6	4.0
253	33.733333333333334	5.0
254	33.86666666666667	6.0
255	34.0	6.0
256	34.13333333333333	8.5
257	34.266666666666666	22.0
258	34.4	32.0
259	34.53333333333333	30.0
260	34.666666666666664	25.5
261	34.8	21.0
262	34.93333333333333	14.0
263	35.06666666666667	15.0
264	35.2	10.0
265	35.333333333333336	9.5
266	35.46666666666667	8.5
267	35.6	8.0
268	35.733333333333334	6.0
269	35.86666666666667	8.5
270	36.0	9.0
271	36.13333333333333	8.0
272	36.266666666666666	8.0
273	36.4	5.5
274	36.53333333333333	6.5
275	36.666666666666664	6.0
276	36.8	4.0
277	36.93333333333333	5.0
278	37.06666666666667	4.5
279	37.2	4.0
280	37.333333333333336	4.0
281	37.46666666666667	4.5
282	37.6	5.5
283	37.733333333333334	4.0
284	37.86666666666667	6.0
285	38.0	6.5
286	38.13333333333333	7.0
287	38.266666666666666	6.5
288	38.4	2.0
289	38.53333333333333	6.0
290	38.666666666666664	7.0
291	38.8	6.0
292	38.93333333333333	2.0
293	39.06666666666667	3.5
294	39.2	6.5
295	39.333333333333336	4.5
296	39.46666666666667	4.5
297	39.6	5.0
298	39.733333333333334	6.0
299	39.86666666666667	4.5
300	40.0	4.0
301	40.13333333333333	5.0
302	40.266666666666666	3.5
303	40.4	6.0
304	40.53333333333333	7.0
305	40.666666666666664	8.5
306	40.8	18.0
307	40.93333333333333	23.5
308	41.06666666666667	30.5
309	41.2	29.5
310	41.333333333333336	17.5
311	41.46666666666667	14.5
312	41.6	14.5
313	41.733333333333334	9.5
314	41.86666666666667	9.0
315	42.0	8.0
316	42.13333333333333	8.0
317	42.266666666666666	8.0
318	42.4	8.0
319	42.53333333333333	6.0
320	42.666666666666664	8.0
321	42.8	6.5
322	42.93333333333333	7.5
323	43.06666666666667	6.0
324	43.2	8.0
325	43.333333333333336	6.5
326	43.46666666666667	4.0
327	43.6	4.0
328	43.733333333333334	5.5
329	43.86666666666667	6.0
330	44.0	6.0
331	44.13333333333333	6.0
332	44.266666666666666	4.0
333	44.4	6.0
334	44.53333333333333	6.0
335	44.666666666666664	6.0
336	44.8	7.5
337	44.93333333333333	2.0
338	45.06666666666667	4.0
339	45.2	7.0
340	45.333333333333336	4.0
341	45.46666666666667	4.0
342	45.6	6.0
343	45.733333333333334	6.0
344	45.86666666666667	4.0
345	46.0	4.0
346	46.13333333333333	4.0
347	46.266666666666666	6.0
348	46.4	4.0
349	46.53333333333333	4.0
350	46.666666666666664	4.0
351	46.8	4.0
352	46.93333333333333	6.5
353	47.06666666666667	6.0
354	47.2	9.0
355	47.333333333333336	26.5
356	47.46666666666667	31.5
357	47.6	33.5
358	47.733333333333334	30.0
359	47.86666666666667	19.5
360	48.0	15.5
361	48.13333333333333	10.0
362	48.266666666666666	12.5
363	48.4	8.5
364	48.53333333333333	8.0
365	48.666666666666664	8.0
366	48.8	8.0
367	48.93333333333333	8.0
368	49.06666666666667	6.0
369	49.2	8.0
370	49.333333333333336	3.5
371	49.46666666666667	4.0
372	49.6	6.0
373	49.733333333333334	4.0
374	49.86666666666667	4.5
375	50.0	4.0
376	50.13333333333333	4.0
377	50.266666666666666	5.5
378	50.4	6.0
379	50.53333333333333	6.0
380	50.666666666666664	5.0
381	50.8	6.5
382	50.93333333333333	6.5
383	51.06666666666667	6.0
384	51.2	4.0
385	51.333333333333336	7.5
386	51.46666666666667	4.0
387	51.6	2.0
388	51.733333333333334	6.0
389	51.86666666666667	4.0
390	52.0	4.0
391	52.13333333333333	5.0
392	52.266666666666666	4.0
393	52.4	5.0
394	52.53333333333333	4.0
395	52.666666666666664	2.0
396	52.8	5.5
397	52.93333333333333	6.0
398	53.06666666666667	4.0
399	53.2	8.0
400	53.333333333333336	4.0
401	53.46666666666667	4.5
402	53.6	4.0
403	53.733333333333334	6.0
404	53.86666666666667	9.5
405	54.0	14.5
406	54.13333333333333	22.0
407	54.266666666666666	35.0
408	54.4	27.5
409	54.53333333333333	18.0
410	54.666666666666664	15.0
411	54.8	12.0
412	54.93333333333333	10.0
413	55.06666666666667	7.0
414	55.2	9.0
415	55.333333333333336	8.0
416	55.46666666666667	6.0
417	55.6	8.0
418	55.733333333333334	10.0
419	55.86666666666667	6.0
420	56.0	6.0
421	56.13333333333333	7.0
422	56.266666666666666	6.0
423	56.4	4.0
424	56.53333333333333	4.0
425	56.666666666666664	4.0
426	56.8	4.0
427	56.93333333333333	4.0
428	57.06666666666667	4.0
429	57.2	4.0
430	57.333333333333336	6.0
431	57.46666666666667	6.0
432	57.6	6.0
433	57.733333333333334	4.0
434	57.86666666666667	6.0
435	58.0	6.0
436	58.13333333333333	6.0
437	58.266666666666666	6.0
438	58.4	6.0
439	58.53333333333333	4.5
440	58.666666666666664	4.0
441	58.8	4.0
442	58.93333333333333	4.0
443	59.06666666666667	4.0
444	59.2	4.0
445	59.333333333333336	4.0
446	59.46666666666667	4.5
447	59.6	4.0
448	59.733333333333334	4.0
449	59.86666666666667	4.0
450	60.0	4.0
451	60.13333333333333	4.0
452	60.266666666666666	4.5
453	60.4	6.0
454	60.53333333333333	7.0
455	60.666666666666664	18.0
456	60.8	34.0
457	60.93333333333333	35.0
458	61.06666666666667	25.5
459	61.2	20.5
460	61.333333333333336	15.0
461	61.46666666666667	13.5
462	61.6	11.0
463	61.733333333333334	10.5
464	61.86666666666667	8.0
465	62.0	8.0
466	62.13333333333333	6.0
467	62.266666666666666	8.0
468	62.4	6.0
469	62.53333333333333	6.5
470	62.666666666666664	8.0
471	62.8	6.0
472	62.93333333333333	4.0
473	63.06666666666667	4.0
474	63.2	4.0
475	63.333333333333336	6.0
476	63.46666666666667	5.5
477	63.6	6.0
478	63.733333333333334	6.0
479	63.86666666666667	5.5
480	64.0	6.0
481	64.13333333333334	6.0
482	64.26666666666667	6.0
483	64.4	6.0
484	64.53333333333333	6.0
485	64.66666666666667	6.0
486	64.8	6.0
487	64.93333333333334	6.5
488	65.06666666666666	6.0
489	65.2	6.0
490	65.33333333333333	4.0
491	65.46666666666667	4.0
492	65.6	4.0
493	65.73333333333333	4.0
494	65.86666666666666	5.5
495	66.0	4.5
496	66.13333333333334	4.0
497	66.26666666666667	4.5
498	66.4	4.0
499	66.53333333333333	4.0
500	66.66666666666667	4.0
501	66.8	4.5
502	66.93333333333334	4.0
503	67.06666666666666	6.0
504	67.2	8.0
505	67.33333333333333	21.0
506	67.46666666666667	35.5
507	67.6	34.0
508	67.73333333333333	31.5
509	67.86666666666666	18.5
510	68.0	14.0
511	68.13333333333334	14.0
512	68.26666666666667	13.5
513	68.4	8.0
514	68.53333333333333	8.0
515	68.66666666666667	8.0
516	68.8	6.0
517	68.93333333333334	8.0
518	69.06666666666666	8.0
519	69.2	6.5
520	69.33333333333333	4.0
521	69.46666666666667	4.0
522	69.6	4.0
523	69.73333333333333	4.0
524	69.86666666666666	4.0
525	70.0	6.0
526	70.13333333333334	6.0
527	70.26666666666667	4.0
528	70.4	4.0
529	70.53333333333333	6.0
530	70.66666666666667	6.0
531	70.8	6.0
532	70.93333333333334	4.0
533	71.06666666666666	6.5
534	71.2	6.0
535	71.33333333333333	4.0
536	71.46666666666667	4.5
537	71.6	4.0
538	71.73333333333333	4.0
539	71.86666666666666	4.5
540	72.0	4.0
541	72.13333333333334	4.5
542	72.26666666666667	4.0
543	72.4	4.0
544	72.53333333333333	4.5
545	72.66666666666667	4.0
546	72.8	4.0
547	72.93333333333334	4.0
548	73.06666666666666	4.0
549	73.2	4.0
550	73.33333333333333	4.0
551	73.46666666666667	4.0
552	73.6	4.0
553	73.73333333333333	4.0
554	73.86666666666666	6.0
555	74.0	8.0
556	74.13333333333334	23.0
557	74.26666666666667	34.0
558	74.4	34.0
559	74.53333333333333	25.5
560	74.66666666666667	16.5
561	74.8	12.0
562	74.93333333333334	10.0
563	75.06666666666666	8.5
564	75.2	10.0
565	75.33333333333333	8.0
566	75.46666666666667	8.5
567	75.6	6.0
568	75.73333333333333	6.0
569	75.86666666666666	6.0
570	76.0	6.0
571	76.13333333333334	6.0
572	76.26666666666667	6.0
573	76.4	6.0
574	76.53333333333333	4.0
575	76.66666666666667	4.0
576	76.8	6.0
577	76.93333333333334	6.0
578	77.06666666666666	6.0
579	77.2	6.0
580	77.33333333333333	5.5
581	77.46666666666667	6.0
582	77.6	6.0
583	77.73333333333333	6.0
584	77.86666666666666	5.5
585	78.0	7.0
586	78.13333333333334	6.0
587	78.26666666666667	5.5
588	78.4	4.0
589	78.53333333333333	3.5
590	78.66666666666667	3.0
591	78.8	3.0
592	78.93333333333334	3.0
593	79.06666666666666	3.0
594	79.2	3.0
595	79.33333333333333	3.5
596	79.46666666666667	3.5
597	79.6	3.0
598	79.73333333333333	4.0
599	79.86666666666666	4.0
600	80.0	4.0
601	80.13333333333334	4.0
602	80.26666666666667	4.0
603	80.4	4.0
604	80.53333333333333	4.0
605	80.66666666666667	6.0
606	80.8	15.0
607	80.93333333333334	26.0
608	81.06666666666666	41.0
609	81.2	34.0
610	81.33333333333333	23.0
611	81.46666666666667	16.5
612	81.6	15.0
613	81.73333333333333	9.5
614	81.86666666666666	9.0
615	82.0	9.0
616	82.13333333333334	8.0
617	82.26666666666667	8.0
618	82.4	6.5
619	82.53333333333333	6.0
620	82.66666666666667	6.0
621	82.8	7.0
622	82.93333333333334	6.0
623	83.06666666666666	7.0
624	83.2	6.5
625	83.33333333333333	6.0
626	83.46666666666667	6.0
627	83.6	5.5
628	83.73333333333333	6.0
629	83.86666666666666	6.0
630	84.0	6.0
631	84.13333333333334	6.0
632	84.26666666666667	6.0
633	84.4	3.5
634	84.53333333333333	4.0
635	84.66666666666667	1.5
636	84.8	4.0
637	84.93333333333334	6.0
638	85.06666666666666	4.0
639	85.2	4.0
640	85.33333333333333	4.0
641	85.46666666666667	4.0
642	85.6	3.5
643	85.73333333333333	3.5
644	85.86666666666666	4.0
645	86.0	3.0
646	86.13333333333334	3.0
647	86.26666666666667	3.0
648	86.4	3.5
649	86.53333333333333	4.0
650	86.66666666666667	4.0
651	86.8	3.5
652	86.93333333333334	3.5
653	87.06666666666666	4.0
654	87.2	3.5
655	87.33333333333333	5.0
656	87.46666666666667	4.0
657	87.6	4.0
658	87.73333333333333	6.0
659	87.86666666666666	14.0
660	88.0	25.0
661	88.13333333333334	34.5
662	88.26666666666667	35.5
663	88.4	31.5
664	88.53333333333333	24.0
665	88.66666666666667	15.0
666	88.8	14.0
667	88.93333333333334	11.5
668	89.06666666666666	9.0
669	89.2	8.0
670	89.33333333333333	8.0
671	89.46666666666667	8.0
672	89.6	6.0
673	89.73333333333333	6.0
674	89.86666666666666	8.0
675	90.0	6.0
676	90.13333333333334	6.0
677	90.26666666666667	6.0
678	90.4	6.0
679	90.53333333333333	6.0
680	90.66666666666667	6.0
681	90.8	5.0
682	90.93333333333334	4.0
683	91.06666666666666	4.0
684	91.2	6.0
685	91.33333333333333	4.0
686	91.46666666666667	6.0
687	91.6	6.0
688	91.73333333333333	4.0
689	91.86666666666666	4.5
690	92.0	4.0
691	92.13333333333334	4.0
692	92.26666666666667	4.0
693	92.4	4.0
694	92.53333333333333	4.0
695	92.66666666666667	4.0
696	92.8	2.0
697	92.93333333333334	4.0
698	93.06666666666666	4.0
699	93.2	4.0
700	93.33333333333333	4.0
701	93.46666666666667	4.0
702	93.6	4.0
703	93.73333333333333	4.0
704	93.86666666666666	4.0
705	94.0	4.0
706	94.13333333333334	4.0
707	94.26666666666667	4.0
708	94.4	4.0
709	94.53333333333333	4.0
710	94.66666666666667	6.5
711	94.8	13.0
712	94.93333333333334	29.5
713	95.06666666666666	41.0
714	95.2	34.5
715	95.33333333333333	22.5
716	95.46666666666667	16.0
717	95.6	15.0
718	95.73333333333333	12.5
719	95.86666666666666	10.5
720	96.0	10.5
721	96.13333333333334	9.0
722	96.26666666666667	8.0
723	96.4	6.0
724	96.53333333333333	6.0
725	96.66666666666667	6.0
726	96.8	6.0
727	96.93333333333334	8.0
728	97.06666666666666	8.0
729	97.2	8.0
730	97.33333333333333	6.0
731	97.46666666666667	6.0
732	97.6	6.0
733	97.73333333333333	5.5
734	97.86666666666666	6.0
735	98.0	5.5
736	98.13333333333334	4.0
737	98.26666666666667	6.0
738	98.4	6.0
739	98.53333333333333	2.0
740	98.66666666666667	2.0
741	98.8	2.0
742	98.93333333333334	4.0
743	99.06666666666666	4.0
744	99.2	4.0
745	99.33333333333333	4.5
746	99.46666666666667	4.0
747	99.6	4.0
748	99.73333333333333	4.0
749	99.86666666666666	4.0
750	100.0	4.0
751	100.13333333333334	4.0
752	100.26666666666667	4.0
753	100.4	4.0
754	100.53333333333333	4.0
755	100.66666666666667	4.0
756	100.8	4.0
757	100.93333333333334	4.0
758	101.06666666666666	6.0
759	101.2	8.0
760	101.33333333333333	15.5
761	101.46666666666667	19.5
762	101.6	25.0
763	101.73333333333333	19.5
764	101.86666666666666	16.0
765	102.0	15.5
766	102.13333333333334	11.5
767	102.26666666666667	9.0
768	102.4	8.5
769	102.53333333333333	8.0
770	102.66666666666667	8.0
771	102.8	6.0
772	102.93333333333334	7.0
773	103.06666666666666	8.0
774	103.2	7.0
775	103.33333333333333	6.0
776	103.46666666666667	6.0
777	103.6	3.5
778	103.73333333333333	3.5
779	103.86666666666666	6.0
780	104.0	6.0
781	104.13333333333334	5.0
782	104.26666666666667	5.0
783	104.4	4.0
784	104.53333333333333	4.0
785	104.66666666666667	6.0
786	104.8	4.0
787	104.93333333333334	4.0
788	105.06666666666666	6.0
789	105.2	4.0
790	105.33333333333333	6.0
791	105.46666666666667	6.0
792	105.6	4.0
793	105.73333333333333	5.5
794	105.86666666666666	4.0
795	106.0	4.0
796	106.13333333333334	4.0
797	106.26666666666667	4.0
798	106.4	4.0
799	106.53333333333333	4.0
800	106.66666666666667	4.0
801	106.8	4.0
802	106.93333333333334	4.0
803	107.06666666666666	4.0
804	107.2	4.0
805	107.33333333333333	4.0
806	107.46666666666667	6.0
807	107.6	8.0
808	107.73333333333333	15.5
809	107.86666666666666	33.0
810	108.0	36.0
811	108.13333333333334	29.0
812	108.26666666666667	20.5
813	108.4	14.0
814	108.53333333333333	9.5
815	108.66666666666667	10.0
816	108.8	9.0
817	108.93333333333334	8.0
818	109.06666666666666	8.0
819	109.2	8.0
820	109.33333333333333	8.0
821	109.46666666666667	6.0
822	109.6	8.0
823	109.73333333333333	8.0
824	109.86666666666666	4.0
825	110.0	4.0
826	110.13333333333334	4.0
827	110.26666666666667	4.0
828	110.4	6.0
829	110.53333333333333	6.0
830	110.66666666666667	6.0
831	110.8	6.0
832	110.93333333333334	6.0
833	111.06666666666666	6.0
834	111.2	6.0
835	111.33333333333333	4.0
836	111.46666666666667	4.0
837	111.6	4.0
838	111.73333333333333	4.0
839	111.86666666666666	4.0
840	112.0	4.0
841	112.13333333333334	4.0
842	112.26666666666667	4.0
843	112.4	4.0
844	112.53333333333333	4.0
845	112.66666666666667	4.0
846	112.8	4.0
847	112.93333333333334	4.0
848	113.06666666666666	4.0
849	113.2	4.0
850	113.33333333333333	4.0
851	113.46666666666667	4.0
852	113.6	4.0
853	113.73333333333333	4.0
854	113.86666666666666	4.0
855	114.0	4.0
856	114.13333333333334	4.0
857	114.26666666666667	4.0
858	114.4	6.0
859	114.53333333333333	9.5
860	114.66666666666667	26.5
861	114.8	29.5
862	114.93333333333334	27.5
863	115.06666666666666	21.0
864	115.2	17.5
865	115.33333333333333	13.0
866	115.46666666666667	12.5
867	115.6	10.0
868	115.73333333333333	9.5
869	115.86666666666666	8.5
870	116.0	8.0
871	116.13333333333334	9.0
872	116.26666666666667	8.0
873	116.4	6.0
874	116.53333333333333	4.0
875	116.66666666666667	4.0
876	116.8	4.0
877	116.93333333333334	6.0
878	117.06666666666666	6.0
879	117.2	6.0
880	117.33333333333333	6.0
881	117.46666666666667	6.0
882	117.6	6.0
883	117.73333333333333	6.0
884	117.86666666666666	4.0
885	118.0	6.0
886	118.13333333333334	3.5
887	118.26666666666667	2.0
888	118.4	6.0
889	118.53333333333333	4.0
890	118.66666666666667	4.0
891	118.8	2.0
892	118.93333333333334	4.0
893	119.06666666666666	4.0
894	119.2	4.0
895	119.33333333333333	4.0
896	119.46666666666667	3.5
897	119.6	4.0
898	119.73333333333333	4.0
899	119.86666666666666	4.0
900	120.0	3.5
901	120.13333333333334	4.0
902	120.26666666666667	4.0
903	120.4	4.0
904	120.53333333333333	4.0
905	120.66666666666667	4.0
906	120.8	8.0
907	120.93333333333334	12.5
908	121.06666666666666	30.0
909	121.2	30.5
910	121.33333333333333	28.0
911	121.46666666666667	22.5
912	121.6	17.0
913	121.73333333333333	13.0
914	121.86666666666666	10.0
915	122.0	9.0
916	122.13333333333334	9.0
917	122.26666666666667	8.5
918	122.4	8.0
919	122.53333333333333	6.0
920	122.66666666666667	8.0
921	122.8	8.0
922	122.93333333333334	4.0
923	123.06666666666666	4.0
924	123.2	4.0
925	123.33333333333333	7.0
926	123.46666666666667	6.0
927	123.6	6.0
928	123.73333333333333	6.0
929	123.86666666666666	6.5
930	124.0	6.5
931	124.13333333333334	6.0
932	124.26666666666667	6.0
933	124.4	6.0
934	124.53333333333333	6.0
935	124.66666666666667	6.0
936	124.8	6.0
937	124.93333333333334	6.5
938	125.06666666666666	6.5
939	125.2	7.0
940	125.33333333333333	7.0
941	125.46666666666667	7.0
942	125.6	8.0
943	125.73333333333333	6.5
944	125.86666666666666	4.5
945	126.0	4.0
946	126.13333333333334	4.0
947	126.26666666666667	4.0
948	126.4	4.0
949	126.53333333333333	4.0
950	126.66666666666667	4.0
951	126.8	4.0
952	126.93333333333334	4.0
953	127.06666666666666	4.0
954	127.2	4.0
955	127.33333333333333	4.0
956	127.46666666666667	6.5
957	127.6	8.0
958	127.73333333333333	22.0
959	127.86666666666666	28.5
960	128.0	29.0
961	128.13333333333333	24.0
962	128.26666666666668	18.0
963	128.4	15.0
964	128.53333333333333	11.5
965	128.66666666666666	10.0
966	128.8	8.0
967	128.93333333333334	8.5
968	129.06666666666666	6.0
969	129.2	6.0
970	129.33333333333334	6.0
971	129.46666666666667	6.0
972	129.6	6.0
973	129.73333333333332	4.0
974	129.86666666666667	5.5
975	130.0	6.0
976	130.13333333333333	6.0
977	130.26666666666668	4.0
978	130.4	6.0
979	130.53333333333333	6.0
980	130.66666666666666	6.0
981	130.8	6.0
982	130.93333333333334	6.0
983	131.06666666666666	4.0
984	131.2	6.0
985	131.33333333333334	6.0
986	131.46666666666667	4.0
987	131.6	4.0
988	131.73333333333332	6.0
989	131.86666666666667	4.0
990	132.0	4.0
991	132.13333333333333	4.0
992	132.26666666666668	4.0
993	132.4	4.0
994	132.53333333333333	4.0
995	132.66666666666666	4.0
996	132.8	4.0
997	132.93333333333334	4.0
998	133.06666666666666	4.0
999	133.2	4.0
1000	133.33333333333334	4.0
1001	133.46666666666667	4.0
1002	133.6	4.0
1003	133.73333333333332	4.0
1004	133.86666666666667	4.0
1005	134.0	4.0
1006	134.13333333333333	4.0
1007	134.26666666666668	4.0
1008	134.4	4.0
1009	134.53333333333333	6.0
1010	134.66666666666666	8.0
1011	134.8	23.5
1012	134.93333333333334	37.5
1013	135.06666666666666	34.5
1014	135.2	26.0
1015	135.33333333333334	18.0
1016	135.46666666666667	12.0
1017	135.6	11.0
1018	135.73333333333332	9.0
1019	135.86666666666667	7.0
1020	136.0	8.0
1021	136.13333333333333	8.0
1022	136.26666666666668	6.0
1023	136.4	6.0
1024	136.53333333333333	6.0
1025	136.66666666666666	6.0
1026	136.8	6.0
1027	136.93333333333334	6.0
1028	137.06666666666666	4.0
1029	137.2	4.0
1030	137.33333333333334	6.0
1031	137.46666666666667	6.0
1032	137.6	4.0
1033	137.73333333333332	4.0
1034	137.86666666666667	6.0
1035	138.0	6.0
1036	138.13333333333333	6.0
1037	138.26666666666668	6.0
1038	138.4	4.0
1039	138.53333333333333	4.0
1040	138.66666666666666	4.0
1041	138.8	4.0
1042	138.93333333333334	4.0
1043	139.06666666666666	4.0
1044	139.2	4.0
1045	139.33333333333334	4.0
1046	139.46666666666667	4.0
1047	139.6	4.0
1048	139.73333333333332	4.0
1049	139.86666666666667	4.0
1050	140.0	4.0
1051	140.13333333333333	4.0
1052	140.26666666666668	4.0
1053	140.4	4.0
1054	140.53333333333333	4.0
1055	140.66666666666666	4.0
1056	140.8	4.0
1057	140.93333333333334	4.0
1058	141.06666666666666	4.0
1059	141.2	4.0
1060	141.33333333333334	6.0
1061	141.46666666666667	6.0
1062	141.6	7.0
1063	141.73333333333332	15.0
1064	141.86666666666667	32.5
1065	142.0	37.0
1066	142.13333333333333	31.0
1067	142.26666666666668	20.5
1068	142.4	15.0
1069	142.53333333333333	13.0
1070	142.66666666666666	10.0
1071	142.8	8.5
1072	142.93333333333334	8.0
1073	143.06666666666666	8.0
1074	143.2	8.0
1075	143.33333333333334	6.0
1076	143.46666666666667	6.0
1077	143.6	4.0
1078	143.73333333333332	6.0
1079	143.86666666666667	4.0
1080	144.0	4.0
1081	144.13333333333333	4.0
1082	144.26666666666668	4.0
1083	144.4	6.0
1084	144.53333333333333	6.0
1085	144.66666666666666	6.0
1086	144.8	6.0
1087	144.93333333333334	4.0
1088	145.06666666666666	6.0
1089	145.2	6.0
1090	145.33333333333334	4.0
1091	145.46666666666667	4.0
1092	145.6	4.0
1093	145.73333333333332	4.0
1094	145.86666666666667	4.0
1095	146.0	4.0
1096	146.13333333333333	4.0
1097	146.26666666666668	4.0
1098	146.4	4.0
1099	146.53333333333333	4.0
1100	146.66666666666666	4.0
1101	146.8	4.0
1102	146.93333333333334	4.0
1103	147.06666666666666	4.0
1104	147.2	4.0
1105	147.33333333333334	4.0
1106	147.46666666666667	4.0
1107	147.6	4.0
1108	147.73333333333332	4.0
1109	147.86666666666667	4.0
1110	148.0	4.0
1111	148.13333333333333	4.0
1112	148.26666666666668	4.0
1113	148.4	7.5
1114	148.53333333333333	19.0
1115	148.66666666666666	31.5
1116	148.8	33.5
1117	148.93333333333334	27.5
1118	149.06666666666666	20.0
1119	149.2	12.0
1120	149.33333333333334	11.0
1121	149.46666666666667	9.0
1122	149.6	8.5
1123	149.73333333333332	8.0
1124	149.86666666666667	6.0
1125	150.0	6.0
1126	150.13333333333333	7.5
1127	150.26666666666668	8.0
1128	150.4	4.0
1129	150.53333333333333	4.0
1130	150.66666666666666	4.0
1131	150.8	4.0
1132	150.93333333333334	6.0
1133	151.06666666666666	3.5
1134	151.2	6.0
1135	151.33333333333334	5.5
1136	151.46666666666667	5.5
1137	151.6	5.0
1138	151.73333333333332	6.0
1139	151.86666666666667	5.5
1140	152.0	6.0
1141	152.13333333333333	5.5
1142	152.26666666666668	5.5
1143	152.4	3.5
1144	152.53333333333333	4.0
1145	152.66666666666666	3.5
1146	152.8	4.0
1147	152.93333333333334	4.0
1148	153.06666666666666	3.5
1149	153.2	4.5
1150	153.33333333333334	4.0
1151	153.46666666666667	4.0
1152	153.6	4.0
1153	153.73333333333332	4.0
1154	153.86666666666667	4.0
1155	154.0	4.0
1156	154.13333333333333	4.0
1157	154.26666666666668	4.0
1158	154.4	4.0
1159	154.53333333333333	3.5
1160	154.66666666666666	3.5
1161	154.8	4.0
1162	154.93333333333334	4.0
1163	155.06666666666666	4.0
1164	155.2	5.5
1165	155.33333333333334	12.5
1166	155.46666666666667	29.0
1167	155.6	40.5
1168	155.73333333333332	35.5
1169	155.86666666666667	20.0
1170	156.0	14.0
1171	156.13333333333333	13.0
1172	156.26666666666668	10.5
1173	156.4	8.0
1174	156.53333333333333	8.0
1175	156.66666666666666	6.0
1176	156.8	6.0
1177	156.93333333333334	6.0
1178	157.06666666666666	6.0
1179	157.2	6.0
1180	157.33333333333334	4.0
1181	157.46666666666667	4.0
1182	157.6	4.0
1183	157.73333333333332	4.0
1184	157.86666666666667	6.0
1185	158.0	5.5
1186	158.13333333333333	6.0
1187	158.26666666666668	6.0
1188	158.4	6.0
1189	158.53333333333333	6.0
1190	158.66666666666666	6.0
1191	158.8	6.0
1192	158.93333333333334	4.0
1193	159.06666666666666	4.0
1194	159.2	4.0
1195	159.33333333333334	4.0
1196	159.46666666666667	4.0
1197	159.6	4.0
1198	159.73333333333332	4.0
1199	159.86666666666667	4.0
1200	160.0	4.0
1201	160.13333333333333	4.0
1202	160.26666666666668	4.0
1203	160.4	4.0
1204	160.53333333333333	4.0
1205	160.66666666666666	4.0
1206	160.8	4.0
1207	160.93333333333334	4.0
1208	161.06666666666666	4.0
1209	161.2	4.0
1210	161.33333333333334	4.0
1211	161.46666666666667	4.0
1212	161.6	4.0
1213	161.73333333333332	4.0
1214	161.86666666666667	4.0
1215	162.0	4.0
1216	162.13333333333333	4.0
1217	162.26666666666668	6.0
1218	162.4	20.5
1219	162.53333333333333	38.5
1220	162.66666666666666	40.0
1221	162.8	29.5
1222	162.93333333333334	18.5
1223	163.06666666666666	16.0
1224	163.2	11.0
1225	163.33333333333334	7.0
1226	163.46666666666667	8.5
1227	163.6	8.0
1228	163.73333333333332	8.5
1229	163.86666666666667	6.0
1230	164.0	6.0
1231	164.13333333333333	6.0
1232	164.26666666666668	6.0
1233	164.4	6.0
1234	164.53333333333333	6.0
1235	164.66666666666666	6.0
1236	164.8	6.0
1237	164.93333333333334	4.0
1238	165.06666666666666	6.0
1239	165.2	4.0
1240	165.33333333333334	6.0
1241	165.46666666666667	6.0
1242	165.6	6.0
1243	165.73333333333332	6.0
1244	165.86666666666667	4.0
1245	166.0	4.0
1246	166.13333333333333	4.0
1247	166.26666666666668	4.0
1248	166.4	4.0
1249	166.53333333333333	4.0
1250	166.66666666666666	4.0
1251	166.8	4.0
1252	166.93333333333334	4.0
1253	167.06666666666666	4.0
1254	167.2	4.0
1255	167.33333333333334	4.0
1256	167.46666666666667	4.0
1257	167.6	4.0
1258	167.73333333333332	4.0
1259	167.86666666666667	4.0
1260	168.0	4.0
1261	168.13333333333333	4.0
1262	168.26666666666668	4.0
1263	168.4	4.0
1264	168.53333333333333	4.0
1265	168.66666666666666	4.0
1266	168.8	4.0
1267	168.93333333333334	4.0
1268	169.06666666666666	4.0
1269	169.2	6.0
1270	169.33333333333334	17.0
1271	169.46666666666667	33.0
1272	169.6	38.5
1273	169.73333333333332	29.5
1274	169.86666666666667	19.5
1275	170.0	16.0
1276	170.13333333333333	14.0
1277	170.26666666666668	10.0
1278	170.4	8.0
1279	170.53333333333333	8.5
1280	170.66666666666666	8.0
1281	170.8	8.0
1282	170.93333333333334	7.0
1283	171.06666666666666	6.0
1284	171.2	6.0
1285	171.33333333333334	4.5
1286	171.46666666666667	6.0
1287	171.6	6.0
1288	171.73333333333332	4.0
1289	171.86666666666667	4.0
1290	172.0	6.0
1291	172.13333333333333	6.0
1292	172.26666666666668	6.0
1293	172.4	6.0
1294	172.53333333333333	6.0
1295	172.66666666666666	6.0
1296	172.8	6.0
1297	172.93333333333334	4.0
1298	173.06666666666666	4.0
1299	173.2	4.0
1300	173.33333333333334	4.0
1301	173.46666666666667	4.0
1302	173.6	4.0
1303	173.73333333333332	4.0
1304	173.86666666666667	4.0
1305	174.0	4.0
1306	174.13333333333333	4.0
1307	174.26666666666668	4.0
1308	174.4	4.0
1309	174.53333333333333	4.0
1310	174.66666666666666	4.0
1311	174.8	3.0
1312	174.93333333333334	3.0
1313	175.06666666666666	3.0
1314	175.2	3.0
1315	175.33333333333334	3.0
1316	175.46666666666667	3.0
1317	175.6	3.0
1318	175.73333333333332	3.0
1319	175.86666666666667	3.0
1320	176.0	3.5
1321	176.13333333333333	12.0
1322	176.26666666666668	26.5
1323	176.4	28.0
1324	176.53333333333333	22.0
1325	176.66666666666666	16.0
1326	176.8	15.0
1327	176.93333333333334	11.5
1328	177.06666666666666	10.0
1329	177.2	9.0
1330	177.33333333333334	8.5
1331	177.46666666666667	7.0
1332	177.6	8.0
1333	177.73333333333332	8.0
1334	177.86666666666667	4.0
1335	178.0	6.0
1336	178.13333333333333	4.0
1337	178.26666666666668	6.0
1338	178.4	4.5
1339	178.53333333333333	6.0
1340	178.66666666666666	6.0
1341	178.8	6.0
1342	178.93333333333334	4.0
1343	179.06666666666666	4.0
1344	179.2	6.0
1345	179.33333333333334	4.0
1346	179.46666666666667	2.0
1347	179.6	2.0
1348	179.73333333333332	2.5
1349	179.86666666666667	4.0
1350	180.0	4.0
1351	180.13333333333333	4.0
1352	180.26666666666668	4.0
1353	180.4	4.0
1354	180.53333333333333	4.0
1355	180.66666666666666	4.0
1356	180.8	4.0
1357	180.93333333333334	4.0
1358	181.06666666666666	4.0
1359	181.2	4.0
1360	181.33333333333334	3.5
1361	181.46666666666667	4.0
1362	181.6	4.0
1363	181.73333333333332	4.0
1364	181.86666666666667	4.0
1365	182.0	4.0
1366	182.13333333333333	4.0
1367	182.26666666666668	4.0
1368	182.4	4.0
1369	182.53333333333333	4.0
1370	182.66666666666666	8.0
1371	182.8	13.5
1372	182.93333333333334	32.0
1373	183.06666666666666	43.5
1374	183.2	35.5
1375	183.33333333333334	19.5
1376	183.46666666666667	15.0
1377	183.6	13.0
1378	183.73333333333332	9.5
1379	183.86666666666667	8.0
1380	184.0	8.5
1381	184.13333333333333	8.0
1382	184.26666666666668	6.0
1383	184.4	6.0
1384	184.53333333333333	6.0
1385	184.66666666666666	6.0
1386	184.8	4.0
1387	184.93333333333334	4.0
1388	185.06666666666666	4.0
1389	185.2	4.0
1390	185.33333333333334	6.0
1391	185.46666666666667	6.0
1392	185.6	6.0
1393	185.73333333333332	6.0
1394	185.86666666666667	4.0
1395	186.0	6.0
1396	186.13333333333333	2.0
1397	186.26666666666668	4.0
1398	186.4	6.0
1399	186.53333333333333	4.0
1400	186.66666666666666	4.0
1401	186.8	4.0
1402	186.93333333333334	4.0
1403	187.06666666666666	5.0
1404	187.2	4.5
1405	187.33333333333334	4.0
1406	187.46666666666667	4.0
1407	187.6	4.0
1408	187.73333333333332	4.0
1409	187.86666666666667	4.0
1410	188.0	4.0
1411	188.13333333333333	4.5
1412	188.26666666666668	4.0
1413	188.4	4.5
1414	188.53333333333333	4.0
1415	188.66666666666666	4.0
1416	188.8	4.0
1417	188.93333333333334	4.0
1418	189.06666666666666	4.0
1419	189.2	4.0
1420	189.33333333333334	4.0
1421	189.46666666666667	6.0
1422	189.6	12.0
1423	189.73333333333332	29.0
1424	189.86666666666667	36.0
1425	190.0	37.0
1426	190.13333333333333	23.0
1427	190.26666666666668	16.0
1428	190.4	13.0
1429	190.53333333333333	10.0
1430	190.66666666666666	8.0
1431	190.8	9.0
1432	190.93333333333334	7.0
1433	191.06666666666666	8.0
1434	191.2	7.0
1435	191.33333333333334	6.0
1436	191.46666666666667	4.0
1437	191.6	6.0
1438	191.73333333333332	4.0
1439	191.86666666666667	6.0
1440	192.0	6.0
1441	192.13333333333333	4.0
1442	192.26666666666668	6.0
1443	192.4	4.0
1444	192.53333333333333	4.0
1445	192.66666666666666	4.0
1446	192.8	6.0
1447	192.93333333333334	4.0
1448	193.06666666666666	4.0
1449	193.2	4.0
1450	193.33333333333334	4.0
1451	193.46666666666667	4.0
1452	193.6	4.0
1453	193.73333333333332	4.0
1454	193.86666666666667	4.0
1455	194.0	4.0
1456	194.13333333333333	4.0
1457	194.26666666666668	4.0
1458	194.4	4.0
1459	194.53333333333333	4.0
1460	194.66666666666666	4.0
1461	194.8	4.0
1462	194.93333333333334	4.0
1463	195.06666666666666	4.0
1464	195.2	3.5
1465	195.33333333333334	4.0
1466	195.46666666666667	4.0
1467	195.6	4.0
1468	195.73333333333332	4.0
1469	195.86666666666667	4.0
1470	196.0	4.0
1471	196.13333333333333	4.0
1472	196.26666666666668	6.5
1473	196.4	26.0
1474	196.53333333333333	46.5
1475	196.66666666666666	44.0
1476	196.8	32.5
1477	196.93333333333334	20.5
1478	197.06666666666666	15.0
1479	197.2	13.0
1480	197.33333333333334	10.5
1481	197.46666666666667	9.5
1482	197.6	9.0
1483	197.73333333333332	9.0
1484	197.86666666666667	6.0
1485	198.0	6.0
1486	198.13333333333333	6.0
1487	198.26666666666668	6.0
1488	198.4	6.0
1489	198.53333333333333	6.5
1490	198.66666666666666	6.0
1491	198.8	6.5
1492	198.93333333333334	6.0
1493	199.06666666666666	6.0
1494	199.2	6.5
1495	199.33333333333334	6.5
1496	199.46666666666667	6.5
1497	199.6	6.5
1498	199.73333333333332	6.5
1499	199.86666666666667	6.0
1500	200.0	6.0
1501	200.13333333333333	4.0
1502	200.26666666666668	4.5
1503	200.4	4.0
1504	200.53333333333333	4.5
1505	200.66666666666666	4.0
1506	200.8	4.0
1507	200.93333333333334	4.5
1508	201.06666666666666	4.0
1509	201.2	4.0
1510	201.33333333333334	4.0
1511	201.46666666666667	4.0
1512	201.6	3.5
1513	201.73333333333332	4.0
1514	201.86666666666667	4.0
1515	202.0	4.0
1516	202.13333333333333	4.0
1517	202.26666666666668	4.5
1518	202.4	4.5
1519	202.53333333333333	5.0
1520	202.66666666666666	5.0
1521	202.8	4.5
1522	202.93333333333334	5.0
1523	203.06666666666666	9.5
1524	203.2	22.5
1525	203.33333333333334	32.0
1526	203.46666666666667	30.0
1527	203.6	23.0
1528	203.73333333333332	17.5
1529	203.86666666666667	13.0
1530	204.0	12.0
1531	204.13333333333333	9.5
1532	204.26666666666668	9.0
1533	204.4	6.0
1534	204.53333333333333	6.0
1535	204.66666666666666	6.0
1536	204.8	6.0
1537	204.93333333333334	4.0
1538	205.06666666666666	6.0
1539	205.2	6.0
1540	205.33333333333334	6.5
1541	205.46666666666667	6.5
1542	205.6	6.0
1543	205.73333333333332	6.0
1544	205.86666666666667	5.5
1545	206.0	5.5
1546	206.13333333333333	5.5
1547	206.26666666666668	5.5
1548	206.4	5.5
1549	206.53333333333333	5.5
1550	206.66666666666666	6.0
1551	206.8	6.0
1552	206.93333333333334	6.5
1553	207.06666666666666	6.5
1554	207.2	7.0
1555	207.33333333333334	8.0
1556	207.46666666666667	9.5
1557	207.6	8.0
1558	207.73333333333332	9.5
1559	207.86666666666667	6.0
1560	208.0	7.0
1561	208.13333333333333	6.5
1562	208.26666666666668	7.5
1563	208.4	9.5
1564	208.53333333333333	9.5
1565	208.66666666666666	9.5
1566	208.8	9.0
1567	208.93333333333334	7.0
1568	209.06666666666666	8.5
1569	209.2	6.5
1570	209.33333333333334	7.5
1571	209.46666666666667	7.5
1572	209.6	7.5
1573	209.73333333333332	17.5
1574	209.86666666666667	14.5
1575	210.0	22.5
1576	210.13333333333333	19.5
1577	210.26666666666668	18.0
1578	210.4	22.0
1579	210.53333333333333	26.5
1580	210.66666666666666	24.0
1581	210.8	23.0
1582	210.93333333333334	19.5
1583	211.06666666666666	19.0
1584	211.2	16.5
1585	211.33333333333334	16.5
1586	211.46666666666667	16.0
1587	211.6	16.5
1588	211.73333333333332	15.0
1589	211.86666666666667	15.0
1590	212.0	15.0
1591	212.13333333333333	15.0
1592	212.26666666666668	14.5
1593	212.4	13.0
1594	212.53333333333333	12.5
1595	212.66666666666666	13.0
1596	212.8	15.0
1597	212.93333333333334	12.5
1598	213.06666666666666	12.0
1599	213.2	12.5
1600	213.33333333333334	12.5
1601	213.46666666666667	12.5
1602	213.6	12.0
1603	213.73333333333332	12.0
1604	213.86666666666667	12.0
1605	214.0	13.0
1606	214.13333333333333	12.5
1607	214.26666666666668	13.0
1608	214.4	13.0
1609	214.53333333333333	13.0
1610	214.66666666666666	9.0
1611	214.8	14.0
