Frequency	Power
0.000000e+00	1.701459e+08
4.655493e-03	4.597027e+05
9.310987e-03	2.795892e+05
1.396648e-02	1.797614e+05
1.862197e-02	8.748293e+04
2.327747e-02	7.234808e+04
2.793296e-02	1.249792e+04
3.258845e-02	4.569495e+04
3.724395e-02	2.688733e+04
4.189944e-02	1.389637e+05
4.655493e-02	1.116709e+05
5.121043e-02	3.992731e+04
5.586592e-02	6.644267e+04
6.052142e-02	6.122424e+04
6.517691e-02	7.811668e+04
6.983240e-02	5.161818e+04
7.448790e-02	4.207636e+04
7.914339e-02	5.946626e+04
8.379888e-02	1.978901e+04
8.845438e-02	1.107006e+04
9.310987e-02	6.313654e+03
9.776536e-02	1.351676e+04
1.024209e-01	1.325742e+04
1.070764e-01	8.770528e+04
1.117318e-01	1.424178e+04
1.163873e-01	1.924893e+04
1.210428e-01	8.760669e+04
1.256983e-01	2.053148e+04
1.303538e-01	2.360844e+05
1.350093e-01	4.869772e+04
1.396648e-01	6.178541e+05
1.443203e-01	2.749192e+06
1.489758e-01	1.305969e+07
1.536313e-01	1.761590e+06
1.582868e-01	2.204536e+05
1.629423e-01	5.820709e+05
1.675978e-01	1.764192e+05
1.722533e-01	2.113890e+05
1.769088e-01	4.058884e+04
1.815642e-01	2.521603e+04
1.862197e-01	3.301047e+04
1.908752e-01	1.133021e+04
1.955307e-01	2.511021e+04
2.001862e-01	6.184111e+03
2.048417e-01	1.839628e+04
2.094972e-01	4.325034e+03
2.141527e-01	9.389209e+03
2.188082e-01	2.227422e+03
2.234637e-01	2.891979e+04
2.281192e-01	2.934800e+04
2.327747e-01	5.817987e+03
2.374302e-01	1.105022e+02
2.420857e-01	9.730606e+03
2.467412e-01	1.694013e+04
2.513966e-01	6.126178e+04
2.560521e-01	7.432182e+04
2.607076e-01	5.690422e+04
2.653631e-01	9.737499e+02
2.700186e-01	1.290444e+05
2.746741e-01	5.652003e+04
2.793296e-01	2.722935e+05
2.839851e-01	4.895256e+05
2.886406e-01	9.735948e+05
2.932961e-01	4.886439e+06
2.979516e-01	2.550706e+06
3.026071e-01	2.141109e+06
3.072626e-01	2.476569e+05
3.119181e-01	6.375188e+05
3.165736e-01	4.183503e+05
3.212291e-01	2.639653e+05
3.258845e-01	1.377282e+05
3.305400e-01	3.731442e+04
3.351955e-01	2.309869e+04
3.398510e-01	1.212387e+04
3.445065e-01	1.390962e+04
3.491620e-01	6.682909e+02
3.538175e-01	7.512945e+03
3.584730e-01	5.957063e+02
3.631285e-01	3.918936e+04
3.677840e-01	2.600479e+04
3.724395e-01	3.216479e+04
3.770950e-01	5.867015e+02
3.817505e-01	1.133670e+04
3.864060e-01	1.187254e+03
3.910615e-01	1.192039e+04
3.957169e-01	1.769590e+04
4.003724e-01	1.390119e+05
4.050279e-01	1.308397e+05
4.096834e-01	3.956085e+04
4.143389e-01	3.753332e+04
4.189944e-01	1.006467e+05
4.236499e-01	1.717751e+05
4.283054e-01	2.074022e+05
4.329609e-01	1.157457e+06
4.376164e-01	7.177390e+05
4.422719e-01	2.855547e+06
4.469274e-01	2.566917e+05
4.515829e-01	9.073265e+05
4.562384e-01	1.221613e+05
4.608939e-01	2.939749e+05
4.655493e-01	5.652255e+05
4.702048e-01	8.586004e+04
4.748603e-01	2.949706e+05
4.795158e-01	1.469655e+05
4.841713e-01	4.160564e+04
4.888268e-01	6.957854e+04
4.934823e-01	3.970353e+03
4.981378e-01	2.111342e+04
5.027933e-01	2.535184e+04
5.074488e-01	2.125536e+04
5.121043e-01	1.466095e+03
5.167598e-01	5.411960e+04
5.214153e-01	2.898378e+03
5.260708e-01	5.288873e+03
5.307263e-01	5.423804e+02
5.353818e-01	2.303743e+03
5.400372e-01	2.756407e+04
5.446927e-01	7.282286e+04
5.493482e-01	2.456602e+04
5.540037e-01	1.330277e+05
5.586592e-01	2.606550e+04
5.633147e-01	2.291322e+05
5.679702e-01	4.443930e+04
5.726257e-01	8.218438e+04
5.772812e-01	4.696053e+05
5.819367e-01	1.110141e+06
5.865922e-01	4.009850e+05
5.912477e-01	6.814278e+05
5.959032e-01	5.302127e+05
6.005587e-01	2.318245e+05
6.052142e-01	1.619442e+05
6.098696e-01	2.934414e+05
6.145251e-01	4.188613e+05
6.191806e-01	7.311603e+04
6.238361e-01	2.193150e+05
6.284916e-01	2.181660e+05
6.331471e-01	5.390961e+04
6.378026e-01	5.551809e+04
6.424581e-01	3.779029e+04
6.471136e-01	3.550375e+03
6.517691e-01	3.580800e+04
6.564246e-01	9.645160e+03
6.610801e-01	1.481038e+04
6.657356e-01	4.744333e+04
6.703911e-01	2.039008e+03
6.750466e-01	3.155470e+04
6.797020e-01	6.717836e+03
6.843575e-01	2.417223e+04
6.890130e-01	3.797541e+04
6.936685e-01	6.960126e+04
6.983240e-01	4.857344e+04
7.029795e-01	6.349179e+04
7.076350e-01	1.483745e+05
7.122905e-01	2.533825e+05
7.169460e-01	7.126521e+03
7.216015e-01	8.023115e+04
7.262570e-01	7.081284e+05
7.309125e-01	4.675961e+05
7.355680e-01	4.325555e+05
7.402235e-01	5.783653e+04
7.448790e-01	6.061835e+05
7.495345e-01	5.155309e+03
7.541899e-01	7.288741e+04
7.588454e-01	3.636143e+05
7.635009e-01	2.566468e+05
7.681564e-01	4.985072e+04
7.728119e-01	4.559783e+04
7.774674e-01	1.349104e+05
7.821229e-01	4.787465e+04
7.867784e-01	5.644589e+04
7.914339e-01	4.066004e+04
7.960894e-01	4.933133e+04
8.007449e-01	1.608489e+04
8.054004e-01	5.010418e+03
8.100559e-01	3.444406e+04
8.147114e-01	2.491088e+04
8.193669e-01	7.194888e+03
8.240223e-01	1.887723e+04
8.286778e-01	4.596950e+03
8.333333e-01	5.461718e+04
8.379888e-01	1.671171e+04
8.426443e-01	2.041137e+04
8.472998e-01	2.466014e+04
8.519553e-01	5.461869e+02
8.566108e-01	2.692265e+05
8.612663e-01	1.197918e+05
8.659218e-01	1.244323e+04
8.705773e-01	1.692009e+05
8.752328e-01	4.747496e+05
8.798883e-01	6.556945e+04
8.845438e-01	1.878296e+05
8.891993e-01	1.958320e+04
8.938547e-01	2.515192e+05
8.985102e-01	1.123747e+05
9.031657e-01	1.032613e+04
9.078212e-01	2.793610e+05
9.124767e-01	1.788884e+05
9.171322e-01	1.137651e+04
9.217877e-01	1.816501e+04
9.264432e-01	7.351485e+04
9.310987e-01	3.440738e+04
9.357542e-01	1.972292e+04
9.404097e-01	3.947999e+03
9.450652e-01	6.486229e+04
9.497207e-01	5.369754e+03
9.543762e-01	4.217871e+04
9.590317e-01	2.348243e+03
9.636872e-01	4.869545e+04
9.683426e-01	2.319561e+03
9.729981e-01	3.384538e+04
9.776536e-01	3.689994e+04
9.823091e-01	5.731204e+04
9.869646e-01	3.496880e+02
9.916201e-01	8.378128e+03
9.962756e-01	1.897316e+04
1.000931e+00	3.881248e+04
1.005587e+00	2.760031e+05
1.010242e+00	7.099574e+04
1.014898e+00	1.382290e+04
1.019553e+00	1.732325e+05
1.024209e+00	2.012702e+05
1.028864e+00	6.104923e+04
1.033520e+00	4.661839e+04
1.038175e+00	1.257125e+05
1.042831e+00	1.187115e+04
1.047486e+00	1.948860e+05
1.052142e+00	2.577377e+04
1.056797e+00	4.110987e+04
1.061453e+00	9.818079e+04
1.066108e+00	1.075708e+03
1.070764e+00	1.851224e+04
1.075419e+00	3.987705e+04
1.080074e+00	3.310263e+04
1.084730e+00	1.074079e+04
1.089385e+00	4.767315e+02
1.094041e+00	2.640985e+04
1.098696e+00	2.465649e+04
1.103352e+00	3.591640e+04
1.108007e+00	1.010416e+04
1.112663e+00	4.045092e+04
1.117318e+00	1.704580e+04
1.121974e+00	4.213300e+04
1.126629e+00	7.394310e+04
1.131285e+00	1.392784e+04
1.135940e+00	3.066479e+03
1.140596e+00	3.236724e+03
1.145251e+00	1.595276e+04
1.149907e+00	6.089948e+04
1.154562e+00	1.289008e+05
1.159218e+00	7.070656e+04
1.163873e+00	5.211461e+03
1.168529e+00	9.284315e+04
1.173184e+00	6.940143e+04
1.177840e+00	7.646542e+04
1.182495e+00	1.935133e+04
1.187151e+00	1.019035e+05
1.191806e+00	5.984190e+04
1.196462e+00	5.216761e+04
1.201117e+00	2.089596e+04
1.205773e+00	4.632843e+04
1.210428e+00	5.933119e+04
1.215084e+00	5.597049e+03
1.219739e+00	9.994547e+03
1.224395e+00	2.498054e+04
1.229050e+00	4.079283e+04
1.233706e+00	9.635883e+03
1.238361e+00	9.271787e+03
1.243017e+00	7.556502e+03
1.247672e+00	7.967880e+03
1.252328e+00	1.348665e+04
1.256983e+00	3.774895e+04
1.261639e+00	7.366538e+03
1.266294e+00	4.189720e+04
1.270950e+00	5.207750e+04
1.275605e+00	2.921139e+04
1.280261e+00	1.965920e+04
1.284916e+00	2.021945e+03
1.289572e+00	1.698002e+04
1.294227e+00	1.512269e+04
1.298883e+00	2.548182e+04
1.303538e+00	1.250573e+05
1.308194e+00	1.458249e+04
1.312849e+00	1.317541e+04
1.317505e+00	9.637125e+04
1.322160e+00	2.050310e+04
1.326816e+00	1.287614e+04
1.331471e+00	2.879082e+04
1.336127e+00	2.474572e+04
1.340782e+00	7.870275e+04
1.345438e+00	1.779036e+04
1.350093e+00	3.423456e+04
1.354749e+00	3.393655e+04
1.359404e+00	9.868535e+03
1.364060e+00	1.214958e+04
1.368715e+00	1.817393e+04
1.373371e+00	3.828856e+04
1.378026e+00	2.064626e+03
1.382682e+00	1.729829e+04
1.387337e+00	6.070542e+03
1.391993e+00	7.798918e+03
1.396648e+00	1.001525e+04
1.401304e+00	3.999010e+03
1.405959e+00	2.257352e+04
1.410615e+00	8.570904e+02
1.415270e+00	2.290695e+04
1.419926e+00	4.486590e+04
1.424581e+00	1.015550e+04
1.429236e+00	2.042676e+04
1.433892e+00	2.344442e+04
1.438547e+00	1.860874e+04
1.443203e+00	9.260915e+03
1.447858e+00	3.981847e+04
1.452514e+00	5.185419e+04
1.457169e+00	2.073356e+03
1.461825e+00	1.718068e+04
1.466480e+00	3.989829e+04
1.471136e+00	6.574650e+03
1.475791e+00	4.569894e+03
1.480447e+00	4.562861e+04
1.485102e+00	7.745922e+03
1.489758e+00	7.344057e+04
1.494413e+00	2.792875e+03
1.499069e+00	1.316198e+04
1.503724e+00	3.605993e+04
1.508380e+00	1.281298e+04
1.513035e+00	1.398628e+03
1.517691e+00	2.241666e+03
1.522346e+00	1.593157e+03
1.527002e+00	1.334714e+04
1.531657e+00	5.174684e+03
1.536313e+00	1.332554e+04
1.540968e+00	1.155168e+03
1.545624e+00	1.567996e+03
1.550279e+00	5.398954e+03
1.554935e+00	2.536645e+04
1.559590e+00	2.435917e+04
1.564246e+00	1.354297e+03
1.568901e+00	1.029902e+04
1.573557e+00	6.718643e+03
1.578212e+00	8.951411e+03
1.582868e+00	1.181514e+04
1.587523e+00	2.325568e+04
1.592179e+00	1.894929e+04
1.596834e+00	2.491395e+04
1.601490e+00	1.269159e+04
1.606145e+00	3.692907e+03
1.610801e+00	1.895379e+04
1.615456e+00	8.131042e+03
1.620112e+00	1.079936e+04
1.624767e+00	2.408511e+04
1.629423e+00	1.426866e+04
1.634078e+00	5.142936e+03
1.638734e+00	4.346448e+04
1.643389e+00	2.119722e+04
1.648045e+00	2.355634e+02
1.652700e+00	1.397587e+04
1.657356e+00	1.670045e+04
1.662011e+00	1.276996e+04
1.666667e+00	9.502410e+02
1.671322e+00	1.899840e+04
1.675978e+00	2.064029e+01
1.680633e+00	3.521349e+03
1.685289e+00	3.037428e+03
1.689944e+00	4.032309e+03
1.694600e+00	3.024979e+03
1.699255e+00	2.090047e+03
1.703911e+00	3.990315e+04
1.708566e+00	2.799714e+03
1.713222e+00	1.096134e+04
1.717877e+00	3.273530e+04
1.722533e+00	6.998909e+03
1.727188e+00	5.764483e+02
1.731844e+00	2.097315e+04
1.736499e+00	3.457743e+03
1.741155e+00	1.509911e+04
1.745810e+00	1.324275e+04
1.750466e+00	3.374779e+03
1.755121e+00	2.245896e+04
1.759777e+00	1.122436e+04
1.764432e+00	1.771249e+02
1.769088e+00	5.242220e+03
1.773743e+00	2.780042e+04
1.778399e+00	5.427867e+03
1.783054e+00	2.725765e+04
1.787709e+00	4.090222e+03
1.792365e+00	3.060603e+04
1.797020e+00	4.085673e+03
1.801676e+00	1.091128e+03
1.806331e+00	4.377793e+03
1.810987e+00	4.287059e+02
1.815642e+00	4.303701e+03
1.820298e+00	1.742503e+03
1.824953e+00	1.913970e+03
1.829609e+00	3.526793e+03
1.834264e+00	9.259724e+03
1.838920e+00	2.120522e+03
1.843575e+00	3.974710e+03
1.848231e+00	7.275810e+03
1.852886e+00	1.058486e+04
1.857542e+00	1.028359e+04
1.862197e+00	5.113103e+03
1.866853e+00	3.214683e+03
1.871508e+00	1.207874e+03
1.876164e+00	2.926181e+03
1.880819e+00	1.489179e+04
1.885475e+00	9.608096e+03
1.890130e+00	6.764268e+03
1.894786e+00	7.236293e+01
1.899441e+00	7.453921e+01
1.904097e+00	1.788765e+04
1.908752e+00	1.300956e+03
1.913408e+00	7.497016e+02
1.918063e+00	2.358020e+03
1.922719e+00	2.645776e+04
1.927374e+00	4.788543e+01
1.932030e+00	1.751805e+04
1.936685e+00	4.438163e+03
1.941341e+00	4.769784e+01
1.945996e+00	2.391682e+02
1.950652e+00	3.151703e+02
1.955307e+00	6.665278e+02
1.959963e+00	6.133704e+03
1.964618e+00	5.247099e+03
1.969274e+00	1.202791e+04
1.973929e+00	9.115589e+03
1.978585e+00	1.064499e+03
1.983240e+00	6.527676e+03
1.987896e+00	7.431905e+03
1.992551e+00	4.941569e+03
1.997207e+00	2.452136e+03
2.001862e+00	6.066983e+03
2.006518e+00	4.474593e+01
2.011173e+00	1.019707e+04
2.015829e+00	2.345132e+03
2.020484e+00	6.543438e+03
2.025140e+00	1.004540e+03
2.029795e+00	4.647644e+03
2.034451e+00	7.190731e+03
2.039106e+00	2.797792e+01
2.043762e+00	2.167703e+03
2.048417e+00	2.722626e+03
2.053073e+00	2.162021e+03
2.057728e+00	7.413333e+03
2.062384e+00	2.525237e+03
2.067039e+00	9.607023e+02
2.071695e+00	8.698256e+03
2.076350e+00	5.448222e+03
2.081006e+00	1.317636e+04
2.085661e+00	1.305860e+04
2.090317e+00	1.105233e+03
2.094972e+00	2.122363e+03
2.099628e+00	9.537613e+02
2.104283e+00	5.118259e+03
2.108939e+00	6.862299e+02
2.113594e+00	1.968916e+03
2.118250e+00	2.650816e+02
2.122905e+00	4.279470e+03
2.127561e+00	9.212504e+03
2.132216e+00	8.354937e+03
2.136872e+00	7.353848e+02
2.141527e+00	4.202363e+02
2.146182e+00	3.119165e+03
2.150838e+00	9.663636e+03
2.155493e+00	4.678873e+03
2.160149e+00	2.811825e+03
2.164804e+00	1.429666e+02
2.169460e+00	6.498998e+03
2.174115e+00	3.941968e+03
2.178771e+00	4.590352e+03
2.183426e+00	3.284136e+03
2.188082e+00	4.561656e+02
2.192737e+00	2.116022e+03
2.197393e+00	2.210339e+03
2.202048e+00	6.550874e+03
2.206704e+00	1.833844e+03
2.211359e+00	5.770158e+03
2.216015e+00	3.070095e+03
2.220670e+00	9.697763e+02
2.225326e+00	6.106833e+03
2.229981e+00	1.884128e+03
2.234637e+00	6.354552e+02
2.239292e+00	1.809099e+03
2.243948e+00	9.918031e+00
2.248603e+00	1.073407e+03
2.253259e+00	9.246151e+01
2.257914e+00	1.286967e+03
2.262570e+00	3.688344e+03
2.267225e+00	2.780149e+03
2.271881e+00	1.079279e+03
2.276536e+00	1.606564e+02
2.281192e+00	3.302164e+03
2.285847e+00	2.515852e+03
2.290503e+00	2.787951e+03
2.295158e+00	8.122717e+02
2.299814e+00	6.486414e+03
2.304469e+00	2.846165e+03
2.309125e+00	6.050039e+03
2.313780e+00	2.567966e+03
2.318436e+00	2.708389e+03
2.323091e+00	1.846493e+03
2.327747e+00	8.176319e+00
2.332402e+00	1.411319e+03
2.337058e+00	2.807557e+03
2.341713e+00	1.283553e+03
2.346369e+00	1.662038e+03
2.351024e+00	1.162430e+03
2.355680e+00	3.602630e+03
2.360335e+00	2.323493e+03
2.364991e+00	1.276990e+03
2.369646e+00	4.629661e+03
2.374302e+00	2.184474e+03
2.378957e+00	2.786466e+03
2.383613e+00	5.322400e+02
2.388268e+00	3.692403e+03
2.392924e+00	7.892959e+02
2.397579e+00	9.396830e+02
2.402235e+00	3.171828e+03
2.406890e+00	4.504185e+02
2.411546e+00	2.602842e+03
2.416201e+00	1.568033e+03
2.420857e+00	6.719509e+02
2.425512e+00	2.874978e+02
2.430168e+00	1.866331e+03
2.434823e+00	7.728152e+01
2.439479e+00	2.472888e+03
2.444134e+00	2.026061e+02
2.448790e+00	2.683631e+03
2.453445e+00	8.976827e+03
2.458101e+00	6.009841e+02
2.462756e+00	9.965031e+02
2.467412e+00	1.400452e+02
2.472067e+00	5.062614e+03
2.476723e+00	1.825530e+03
2.481378e+00	4.623671e+02
2.486034e+00	9.975061e+03
2.490689e+00	9.783632e+02
2.495345e+00	2.108060e+03
2.500000e+00	5.430000e+02
2.504655e+00	2.892303e+03
2.509311e+00	1.111993e+03
2.513966e+00	1.048662e+03
2.518622e+00	3.600463e+02
2.523277e+00	4.004582e+02
2.527933e+00	6.143800e+02
2.532588e+00	6.389801e+02
2.537244e+00	1.117673e+03
2.541899e+00	2.947598e+02
2.546555e+00	5.107170e+02
2.551210e+00	6.767005e+03
2.555866e+00	2.760485e+02
2.560521e+00	7.921575e+01
2.565177e+00	4.364260e+03
2.569832e+00	3.728635e+03
2.574488e+00	2.154079e+02
2.579143e+00	1.008126e+03
2.583799e+00	2.368256e+02
2.588454e+00	3.929582e+03
2.593110e+00	4.213404e+02
2.597765e+00	5.468227e+02
2.602421e+00	3.882681e+03
2.607076e+00	3.301575e+03
2.611732e+00	5.863298e+01
2.616387e+00	3.105331e+03
2.621043e+00	5.426919e+02
2.625698e+00	1.266730e+03
2.630354e+00	5.455514e+02
2.635009e+00	5.242222e+02
2.639665e+00	9.750001e+02
2.644320e+00	5.760348e+02
2.648976e+00	1.786065e+03
2.653631e+00	2.434691e+03
2.658287e+00	1.486308e+03
2.662942e+00	3.793678e+03
2.667598e+00	2.615589e+03
2.672253e+00	1.490418e+02
2.676909e+00	3.062439e+03
2.681564e+00	2.073052e+03
2.686220e+00	4.613049e+03
2.690875e+00	1.258936e+03
2.695531e+00	7.865455e+02
2.700186e+00	1.048635e+03
2.704842e+00	2.958852e+02
2.709497e+00	2.263575e+02
2.714153e+00	2.138371e+02
2.718808e+00	2.139713e+03
2.723464e+00	2.616105e+03
2.728119e+00	4.637982e+03
2.732775e+00	1.196009e+03
2.737430e+00	1.249578e+03
2.742086e+00	1.141688e+04
2.746741e+00	1.406642e+04
2.751397e+00	3.979460e+03
2.756052e+00	5.067006e+02
2.760708e+00	3.831251e+03
2.765363e+00	5.762596e+03
2.770019e+00	3.628669e+03
2.774674e+00	4.460810e+03
2.779330e+00	3.531948e+02
2.783985e+00	5.533469e+02
2.788641e+00	4.524697e+02
2.793296e+00	6.220182e+01
2.797952e+00	6.226053e+02
2.802607e+00	6.970517e+02
2.807263e+00	1.392035e+03
2.811918e+00	3.861201e+02
2.816574e+00	3.727804e+03
2.821229e+00	1.618905e+03
2.825885e+00	1.506793e+03
2.830540e+00	1.155171e+03
2.835196e+00	1.120442e+03
2.839851e+00	7.278098e+02
2.844507e+00	3.915945e+01
2.849162e+00	1.289145e+02
2.853818e+00	8.471128e+02
2.858473e+00	3.452877e+02
2.863128e+00	7.019334e+02
2.867784e+00	1.781201e+03
2.872439e+00	1.468076e+03
2.877095e+00	4.976607e+03
2.881750e+00	1.469242e+03
2.886406e+00	2.952885e+03
2.891061e+00	8.689621e+02
2.895717e+00	3.720859e+01
2.900372e+00	1.235115e+03
2.905028e+00	1.192929e+03
2.909683e+00	4.590167e+01
2.914339e+00	1.689863e+03
2.918994e+00	1.184885e+02
2.923650e+00	1.050068e+03
2.928305e+00	5.328479e+02
2.932961e+00	3.535329e+01
2.937616e+00	5.148808e+02
2.942272e+00	3.025680e+03
2.946927e+00	6.379246e+02
2.951583e+00	3.015080e+03
2.956238e+00	4.508588e+03
2.960894e+00	2.552159e+03
2.965549e+00	7.367424e+02
2.970205e+00	4.569513e+02
2.974860e+00	2.877564e+03
2.979516e+00	5.339300e+03
2.984171e+00	2.269273e+03
2.988827e+00	4.033746e+03
2.993482e+00	2.588569e+02
2.998138e+00	9.683151e+02
3.002793e+00	4.869820e+02
3.007449e+00	1.112258e+01
3.012104e+00	3.075968e+03
3.016760e+00	5.088137e+02
3.021415e+00	2.377003e+03
3.026071e+00	4.488712e+02
3.030726e+00	3.665142e+02
3.035382e+00	3.122942e+02
3.040037e+00	1.004548e+02
3.044693e+00	4.427965e+03
3.049348e+00	4.647902e+03
3.054004e+00	1.106972e+03
3.058659e+00	5.357519e+03
3.063315e+00	3.095217e+01
3.067970e+00	6.827451e+01
3.072626e+00	1.546960e+03
3.077281e+00	2.235418e+03
3.081937e+00	1.207588e+03
3.086592e+00	1.909228e+03
3.091248e+00	2.508732e+03
3.095903e+00	1.145524e+03
3.100559e+00	8.005679e+02
3.105214e+00	1.495008e+03
3.109870e+00	4.189472e+03
3.114525e+00	1.008803e+04
3.119181e+00	2.216724e+02
3.123836e+00	2.212959e+02
3.128492e+00	4.517607e+02
3.133147e+00	1.311286e+03
3.137803e+00	1.460173e+02
3.142458e+00	6.488957e+02
3.147114e+00	3.464010e+03
3.151769e+00	8.528072e+02
3.156425e+00	2.136798e+01
3.161080e+00	9.464499e+02
3.165736e+00	1.857325e+03
3.170391e+00	1.031246e+03
3.175047e+00	3.160494e+02
3.179702e+00	1.089921e+02
3.184358e+00	5.615185e+03
3.189013e+00	2.269496e+03
3.193669e+00	5.011013e+03
3.198324e+00	1.514010e+03
3.202980e+00	3.303443e+03
3.207635e+00	1.041180e+03
3.212291e+00	6.777561e+01
3.216946e+00	2.684441e+03
3.221601e+00	2.818792e+03
3.226257e+00	7.340031e+02
3.230912e+00	4.363453e+02
3.235568e+00	2.878151e+03
3.240223e+00	3.550076e+03
3.244879e+00	3.914249e+03
3.249534e+00	4.138243e+01
3.254190e+00	2.095414e+03
3.258845e+00	1.327981e+03
3.263501e+00	3.485894e+03
3.268156e+00	2.698376e+01
3.272812e+00	1.729692e+02
3.277467e+00	1.843773e+02
3.282123e+00	5.434911e+02
3.286778e+00	1.590089e+03
3.291434e+00	5.779771e+02
3.296089e+00	5.338053e+03
3.300745e+00	1.602219e+03
3.305400e+00	7.628985e+02
3.310056e+00	9.254668e+01
3.314711e+00	2.105238e+03
3.319367e+00	9.481576e+02
3.324022e+00	8.642863e+01
3.328678e+00	3.595100e+01
3.333333e+00	9.203252e+02
3.337989e+00	1.571599e+03
3.342644e+00	9.678118e+02
3.347300e+00	5.721101e+02
3.351955e+00	1.448024e+03
3.356611e+00	1.533856e+03
3.361266e+00	6.450733e+02
3.365922e+00	3.797872e+03
3.370577e+00	3.902016e+02
3.375233e+00	6.763088e+01
3.379888e+00	1.786094e+02
3.384544e+00	3.446918e+01
3.389199e+00	4.114063e+02
3.393855e+00	4.524803e+03
3.398510e+00	7.533259e+02
3.403166e+00	2.141251e+03
3.407821e+00	1.153502e+03
3.412477e+00	1.635248e+02
3.417132e+00	3.558845e+01
3.421788e+00	3.203502e+03
3.426443e+00	5.303404e+02
3.431099e+00	4.097990e+03
3.435754e+00	8.736311e+02
3.440410e+00	4.921695e+02
3.445065e+00	1.064551e+03
3.449721e+00	2.636329e+03
3.454376e+00	1.175767e+03
3.459032e+00	3.992849e+02
3.463687e+00	8.690881e+01
3.468343e+00	8.594898e+02
3.472998e+00	1.077533e+03
3.477654e+00	1.060362e+02
3.482309e+00	2.267219e+02
3.486965e+00	2.897958e+02
3.491620e+00	2.021630e+03
3.496276e+00	4.625549e+02
3.500931e+00	3.908938e+03
3.505587e+00	4.729449e+03
3.510242e+00	1.192680e+03
3.514898e+00	4.323298e+03
3.519553e+00	5.640058e+02
3.524209e+00	1.568130e+03
3.528864e+00	8.761169e+02
3.533520e+00	1.129590e+03
3.538175e+00	1.790003e+03
3.542831e+00	1.394333e+03
3.547486e+00	4.115822e+02
3.552142e+00	2.252475e+03
3.556797e+00	5.370596e+03
3.561453e+00	2.197100e+03
3.566108e+00	1.023258e+02
3.570764e+00	7.584968e+02
3.575419e+00	1.697126e+03
3.580074e+00	1.081519e+02
3.584730e+00	4.591788e+03
3.589385e+00	3.515321e+03
3.594041e+00	5.993256e+02
3.598696e+00	5.689777e+02
3.603352e+00	3.098839e+02
3.608007e+00	6.113365e+02
3.612663e+00	1.836642e+01
3.617318e+00	8.043796e+02
3.621974e+00	1.403637e+03
3.626629e+00	1.016081e+03
3.631285e+00	3.546566e+03
3.635940e+00	2.848044e+03
3.640596e+00	1.924687e+03
3.645251e+00	6.098440e+02
3.649907e+00	1.940497e+03
3.654562e+00	2.458973e+03
3.659218e+00	5.156288e+02
3.663873e+00	2.384783e+03
3.668529e+00	1.133076e+03
3.673184e+00	1.148354e+03
3.677840e+00	5.271532e+02
3.682495e+00	2.172552e+03
3.687151e+00	4.127907e+02
3.691806e+00	4.584436e+02
3.696462e+00	3.649636e+02
3.701117e+00	2.185591e+03
3.705773e+00	1.038309e+03
3.710428e+00	3.021135e+03
3.715084e+00	3.435512e+02
3.719739e+00	3.202240e+02
3.724395e+00	1.027762e+03
3.729050e+00	4.108938e+02
3.733706e+00	1.464439e+02
3.738361e+00	4.635257e+02
3.743017e+00	2.898609e+03
