-2.5837713507323277 -0.664286382080328 -2.3837714630437263 -0.6640744279653625
-2.4084688903622475 -0.664286382080328 -2.2084691016962887 -0.6639956355035704
-2.233166429992167 -0.664286382080328 -2.033166853250277 -0.6638749175436331
-2.057863969622087 -0.664286382080328 -1.8578648900098405 -0.6636796249177654
-1.8825615092520067 -0.664286382080328 -1.6825637497318422 -0.663339710587962
-1.7072590488819266 -0.664286382080328 -1.5072654732963944 -0.6626833460501766
-1.5319565885118462 -0.664286382080328 -1.3319804585618036 -0.6611964872271561
-1.356654128141766 -0.664286382080328 -1.1567966606893405 -0.6567370308828554
-1.1813516677716858 -0.664286382080328 -0.9841178165268377 -0.6311381102833675
-1.0060492074016056 -0.664286382080328 -1.0828311518873446 -0.47961225557369225
-0.8307467470315253 -0.664286382080328 -0.6360845857792305 -0.6183882015435618
-0.6554442866614449 -0.664286382080328 -0.45578329106524074 -0.6526465007436251
-0.4801418262913648 -0.664286382080328 -0.28021951276888013 -0.6587124646233381
-0.3048393659212847 -0.664286382080328 -0.10486887929147265 -0.6608506176768558
-0.12953690555120412 -0.664286382080328 0.07044830061383892 -0.6618538288691441
0.04576555481887601 -0.664286382080328 0.2457566811296795 -0.6624023977554847
0.22106801518895614 -0.664286382080328 0.42106195575332944 -0.6627295463362901
0.39637047555903626 -0.664286382080328 0.5963658935747038 -0.6629325827087694
0.5716729359291164 -0.664286382080328 0.7716691575735172 -0.6630570212855543
0.746975396299197 -0.664286382080328 0.9469720229710354 -0.6631247797881057
0.9222778566692771 -0.664286382080328 1.1222745972018358 -0.6631445518160636
1.0975803170393572 -0.664286382080328 1.2975768843451536 -0.6631146031344136
1.2728827774094378 -0.664286382080328 1.472878765519698 -0.6630195988310498
1.448185237779518 -0.664286382080328 1.6481798283905826 -0.6628154210636245
1.623487698149598 -0.664286382080328 1.8234784902080203 -0.6623672437724067
1.7987901585196782 -0.664286382080328 1.9987641103523286 -0.6610585982534911
1.9740926188897583 -0.664286382080328 2.1727504915798064 -0.6411552425004299
2.1493950792598384 -0.664286382080328 1.9494264543060658 -0.6607439204930347
2.3246975396299194 -0.664286382080328 2.1247031356594808 -0.6627902602573957
2.5 -0.664286382080328 2.3000020006736452 -0.663391806507515
-2.5837713507323277 -0.5896558171810063 -2.383771428543961 -0.589479395392779
-2.4084688903622475 -0.5896558171810063 -2.2084690414074872 -0.5894100163001401
-2.233166429992167 -0.5896558171810063 -2.033166743563899 -0.5893016581851023
-2.057863969622087 -0.5896558171810063 -1.857864683538499 -0.5891214333720932
-1.8825615092520067 -0.5896558171810063 -1.6825633679177099 -0.5887935742763649
-1.7072590488819266 -0.5896558171810063 -1.5072650420591258 -0.5881075165120535
-1.5319565885118462 -0.5896558171810063 -1.3319856170638982 -0.5862483873337583
-1.356654128141766 -0.5896558171810063 -1.1571355373358618 -0.5757874386591251
-1.1813516677716858 -0.5896558171810063 -1.3801109473579678 -0.5674128682231409
-1.0060492074016056 -0.5896558171810063 -1.2056467633063528 -0.5769745050702122
-0.8307467470315253 -0.5896558171810063 -1.0297272905790678 -0.5694879395156551
-0.6554442866614449 -0.5896558171810063 -0.4588413376572127 -0.5529504981817214
-0.4801418262913648 -0.5896558171810063 -0.2802785466145228 -0.5822619388471121
-0.3048393659212847 -0.5896558171810063 -0.1048754664338265 -0.5858559616877375
-0.12953690555120412 -0.5896558171810063 0.07044743612501192 -0.5871532016830717
0.04576555481887601 -0.5896558171810063 0.24575680892568902 -0.587785448023821
0.22106801518895614 -0.5896558171810063 0.42106227047787015 -0.5881399506193707
0.39637047555903626 -0.5896558171810063 0.5963662254940889 -0.5883519736643588
0.5716729359291164 -0.5896558171810063 0.7716694723684064 -0.5884787818001668
0.746975396299197 -0.5896558171810063 0.9469723195532428 -0.5885464529868296
0.9222778566692771 -0.5896558171810063 1.1222748830435378 -0.5885652020090487
1.0975803170393572 -0.5896558171810063 1.2975771687110704 -0.5885336222769469
1.2728827774094378 -0.5896558171810063 1.4728790550304867 -0.5884355968220717
1.448185237779518 -0.5896558171810063 1.6481801078300666 -0.5882233530578463
1.623487698149598 -0.5896558171810063 1.8234785635735582 -0.5877443394867846
1.7987901585196782 -0.5896558171810063 1.998760707478354 -0.5862236823984184
1.9740926188897583 -0.5896558171810063 1.958253252297393 -0.3902840176055582
2.1493950792598384 -0.5896558171810063 1.949414935696219 -0.5868376297716694
2.3246975396299194 -0.5896558171810063 2.1247017078693746 -0.5883645858276447
2.5 -0.5896558171810063 2.3000015706078756 -0.5888632008277109
-2.5837713507323277 -0.5150252522816847 -2.3837713993471144 -0.5148858036805509
-2.4084688903622475 -0.5150252522816847 -2.208468988796016 -0.5148268247186779
-2.233166429992167 -0.5150252522816847 -2.0331666439766147 -0.5147326882147931
-2.057863969622087 -0.5150252522816847 -1.8578644850923243 -0.5145711731814284
-1.8825615092520067 -0.5150252522816847 -1.6825629650578995 -0.5142621531808175
-1.7072590488819266 -0.5150252522816847 -1.5072644957778107 -0.5135492005600281
-1.5319565885118462 -0.5150252522816847 -1.3319963131486765 -0.5110392421606077
-1.356654128141766 -0.5150252522816847 -1.5418875820428968 -0.43960265914237656
-1.1813516677716858 -0.5150252522816847 -1.3812362321023484 -0.5082310678316393
-1.0060492074016056 -0.5150252522816847 -1.205974525873215 -0.50956017826338
-0.8307467470315253 -0.5150252522816847 -1.030626696339212 -0.5080966258119863
-0.6554442866614449 -0.5150252522816847 -0.8545187070489482 -0.4958061173537114
-0.4801418262913648 -0.5150252522816847 -0.2805637850243756 -0.5020404363787939
-0.3048393659212847 -0.5150252522816847 -0.10488802072940659 -0.5106139536114052
-0.12953690555120412 -0.5150252522816847 0.07044619693949289 -0.5124254987942592
0.04576555481887601 -0.5150252522816847 0.24575696940846978 -0.5131721223744102
0.22106801518895614 -0.5150252522816847 0.42106263820346057 -0.5135587035145923
0.39637047555903626 -0.5150252522816847 0.5963665972505228 -0.5137797369810423
0.5716729359291164 -0.5150252522816847 0.7716698162035606 -0.51390816656893
0.746975396299197 -0.5150252522816847 0.9469726390686143 -0.5139750691401573
0.9222778566692771 -0.5150252522816847 1.1222751894537275 -0.5139923538811547
1.0975803170393572 -0.5150252522816847 1.2975774745563733 -0.5139589572409654
1.2728827774094378 -0.5150252522816847 1.4728793706642587 -0.5138579106582787
1.448185237779518 -0.5150252522816847 1.648180421891134 -0.5136373285947504
1.623487698149598 -0.5150252522816847 1.8234786519235762 -0.5131230407859372
1.7987901585196782 -0.5150252522816847 1.998755595215295 -0.5113071711729318
1.9740926188897583 -0.5150252522816847 1.774982848517471 -0.496175866554425
2.1493950792598384 -0.5150252522816847 1.949407863283372 -0.5127639592926669
2.3246975396299194 -0.5150252522816847 2.124700614491896 -0.5139162277843196
2.5 -0.5150252522816847 2.30000121660137 -0.5143276570781318
-2.5837713507323277 -0.440394687382363 -2.3837713762071133 -0.44029374228020984
-2.4084688903622475 -0.440394687382363 -2.2084689454368287 -0.44024626289187996
-2.233166429992167 -0.440394687382363 -2.033166557885062 -0.44016850793669354
-2.057863969622087 -0.440394687382363 -1.8578643017068548 -0.44003022367099837
-1.8825615092520067 -0.440394687382363 -1.6825625494004117 -0.43974966158434753
-1.7072590488819266 -0.440394687382363 -1.507263784322818 -0.43901840473255305
-1.5319565885118462 -0.440394687382363 -1.3320287511587043 -0.4350225508152588
-1.356654128141766 -0.440394687382363 -1.5565224890995584 -0.4331394625033116
-1.1813516677716858 -0.440394687382363 -1.3813233241028389 -0.4370276910688571
-1.0060492074016056 -0.440394687382363 -1.2060266532583777 -0.43739116468362776
-0.8307467470315253 -0.440394687382363 -1.0307145918957445 -0.436808460903239
-0.6554442866614449 -0.440394687382363 -0.8553486813496697 -0.43421140473198405
-0.4801418262913648 -0.440394687382363 -0.5976891932648979 -0.2785842534864317
-0.3048393659212847 -0.440394687382363 -0.104919237966355 -0.4347429231901357
-0.12953690555120412 -0.440394687382363 0.07044427766260489 -0.43765126608679844
0.04576555481887601 -0.440394687382363 0.2457571769258871 -0.4385640899371349
0.22106801518895614 -0.440394687382363 0.4210630727498478 -0.4389886464101187
0.39637047555903626 -0.440394687382363 0.5963670150456035 -0.4392181698950527
0.5716729359291164 -0.440394687382363 0.77167019164615 -0.4393469728909846
0.746975396299197 -0.440394687382363 0.9469729826434818 -0.43941211094242694
0.9222778566692771 -0.440394687382363 1.1222755172019003 -0.4394273293940172
1.0975803170393572 -0.440394687382363 1.2975778030512726 -0.43939189681914764
1.2728827774094378 -0.440394687382363 1.4728797150445394 -0.43928791885132606
1.448185237779518 -0.440394687382363 1.6481807768567296 -0.4390588920329395
1.623487698149598 -0.440394687382363 1.8234787603665799 -0.4385039115301564
1.7987901585196782 -0.440394687382363 1.9987471665078897 -0.4362480072159815
1.9740926188897583 -0.440394687382363 1.7742734447377708 -0.43189188541961654
2.1493950792598384 -0.440394687382363 1.9494033583896269 -0.43857491174470226
2.3246975396299194 -0.440394687382363 2.124699776611947 -0.43944875514009457
2.5 -0.440394687382363 2.3000009266788695 -0.4397858600759064
-2.5837713507323277 -0.36576412248304135 -2.3837713599782693 -0.3657033082038407
-2.4084688903622475 -0.36576412248304135 -2.208468913194615 -0.36566855603241116
-2.233166429992167 -0.36576412248304135 -2.0331664896090116 -0.3656096986044172
-2.057863969622087 -0.36576412248304135 -1.8578641436230794 -0.36550030366877123
-1.8825615092520067 -0.36576412248304135 -1.6825621393375287 -0.365262092790886
-1.7072590488819266 -0.36576412248304135 -1.5072628285266174 -0.36453455199273016
-1.5319565885118462 -0.36576412248304135 -1.3323895576224924 -0.3526111691261826
-1.356654128141766 -0.36576412248304135 -1.556633077079892 -0.36286240202746106
-1.1813516677716858 -0.36576412248304135 -1.3813430036112717 -0.36390251320665
-1.0060492074016056 -0.36576412248304135 -1.2060414405995559 -0.36400155035780046
-0.8307467470315253 -0.36576412248304135 -1.0307360936118994 -0.36369984189285687
-0.6554442866614449 -0.36576412248304135 -0.8554207853394156 -0.3626981843721864
-0.4801418262913648 -0.36576412248304135 -0.6799738558197174 -0.35756900353456716
-0.3048393659212847 -0.36576412248304135 -0.10506600485834566 -0.3562454981277785
-0.12953690555120412 -0.36576412248304135 0.07044092827247062 -0.36278654306500185
0.04576555481887601 -0.36576412248304135 0.24575745562910434 -0.3639642307330185
0.22106801518895614 -0.36576412248304135 0.4210635925748004 -0.364434075076824
0.39637047555903626 -0.36576412248304135 0.5963674854821958 -0.3646704946690033
0.5716729359291164 -0.36576412248304135 0.7716706005550718 -0.36479761114638565
0.746975396299197 -0.36576412248304135 0.9469733505047792 -0.36485951561713503
0.9222778566692771 -0.36576412248304135 1.1222758662167458 -0.36487183494495085
1.0975803170393572 -0.36576412248304135 1.297578154701214 -0.3648341060414852
1.2728827774094378 -0.36576412248304135 1.4728800905763697 -0.3647274325543992
1.448185237779518 -0.36576412248304135 1.6481811803058903 -0.364490162912263
1.623487698149598 -0.36576412248304135 1.8234788966278659 -0.36388781461221986
1.7987901585196782 -0.36576412248304135 1.9987310972958052 -0.3609039783163515
1.9740926188897583 -0.36576412248304135 1.774155508795032 -0.36074894482224773
2.1493950792598384 -0.36576412248304135 1.9494004167309782 -0.36430297226239505
2.3246975396299194 -0.36576412248304135 2.1246991360260106 -0.36496502556281746
2.5 -0.36576412248304135 2.300000690942091 -0.36523840739010477
-2.5837713507323277 -0.2911335575837197 -2.383771351630154 -0.29111460684006857
-2.4084688903622475 -0.2911335575837197 -2.208468894282996 -0.2910939558236916
-2.233166429992167 -0.2911335575837197 -2.033166444668001 -0.2910569394827394
-2.057863969622087 -0.2911335575837197 -1.8578640258531804 -0.2909835828048678
-1.8825615092520067 -0.2911335575837197 -1.6825617737844971 -0.29080826859504827
-1.7072590488819266 -0.2911335575837197 -1.5072615119954653 -0.2901409653468988
-1.5319565885118462 -0.2911335575837197 -1.7318507261653586 -0.28462711986722244
-1.356654128141766 -0.2911335575837197 -1.556649684086798 -0.2898002900796181
-1.1813516677716858 -0.2911335575837197 -1.381349088825863 -0.2901178944121345
-1.0060492074016056 -0.2911335575837197 -1.2060466328566406 -0.2901187613688218
-0.8307467470315253 -0.2911335575837197 -1.0307431829403433 -0.289939562705135
-0.6554442866614449 -0.2911335575837197 -0.8554373293538245 -0.28946536255793737
-0.4801418262913648 -0.2911335575837197 -0.6801162856748739 -0.28793737325341745
-0.3048393659212847 -0.2911335575837197 -0.4754742474246192 -0.18680840618510927
-0.12953690555120412 -0.2911335575837197 0.07043373111782139 -0.2877065369849217
0.04576555481887601 -0.2911335575837197 0.24575784951263127 -0.289377977017026
0.22106801518895614 -0.2911335575837197 0.4210642221277213 -0.28990180675395366
0.39637047555903626 -0.2911335575837197 0.5963680144846548 -0.2901413763020603
0.5716729359291164 -0.2911335575837197 0.7716710429435976 -0.2902633905743869
0.746975396299197 -0.2911335575837197 0.9469737410473694 -0.29031986354345024
0.9222778566692771 -0.2911335575837197 1.1222762348064972 -0.29032811206628784
1.0975803170393572 -0.2911335575837197 1.29757852865785 -0.29028777427543917
1.2728827774094378 -0.2911335575837197 1.4728804988719941 -0.2901788797397523
1.448185237779518 -0.2911335575837197 1.6481816411881722 -0.28993413121967304
1.623487698149598 -0.2911335575837197 1.823479072967958 -0.2892761404894079
1.7987901585196782 -0.2911335575837197 1.9986914210127125 -0.28484982830159916
1.9740926188897583 -0.2911335575837197 1.7741192842524072 -0.28786775997547653
2.1493950792598384 -0.2911335575837197 1.9493984669886388 -0.2899694785299152
2.3246975396299194 -0.2911335575837197 2.124698649200459 -0.29046735417282926
2.5 -0.2911335575837197 2.300000501166705 -0.29068582280646055
-2.5837713507323277 -0.21650299268439804 -2.3837713522649957 -0.2165277528780517
-2.4084688903622475 -0.21650299268439804 -2.208468891337576 -0.21652274442653738
-2.233166429992167 -0.21650299268439804 -2.0331664301536394 -0.21651102941403083
-2.057863969622087 -0.21650299268439804 -1.8578639706374473 -0.21648283966574863
-1.8825615092520067 -0.21650299268439804 -1.6825615348868268 -0.21640173100665966
-1.7072590488819266 -0.21650299268439804 -1.5072597915317485 -0.21595796114654517
-1.5319565885118462 -0.21650299268439804 -1.7319536612386393 -0.21542091102672012
-1.356654128141766 -0.21650299268439804 -1.556653438574307 -0.21597780080702508
-1.1813516677716858 -0.21650299268439804 -1.3813511067141646 -0.21602925996049338
-1.0060492074016056 -0.21650299268439804 -1.2060485444526041 -0.21598803719007895
-0.8307467470315253 -0.21650299268439804 -1.0307457526830823 -0.21587232764771627
-0.6554442866614449 -0.21650299268439804 -0.8554423729808296 -0.2156280820695508
-0.4801418262913648 -0.21650299268439804 -0.6801363047588842 -0.21501686264132136
-0.3048393659212847 -0.21650299268439804 -0.504783794890313 -0.21178861846832125
-0.12953690555120412 -0.21650299268439804 0.07040923554908854 -0.21186180112383277
0.04576555481887601 -0.21650299268439804 0.2457584478012862 -0.21481694507942428
0.22106801518895614 -0.21650299268439804 0.4210649921217152 -0.21540334830668373
0.39637047555903626 -0.21650299268439804 0.5963686042916981 -0.2156378317550767
0.5716729359291164 -0.21650299268439804 0.771671514591284 -0.21574898133652445
0.746975396299197 -0.21650299268439804 0.9469741490635601 -0.21579666931714775
0.9222778566692771 -0.21650299268439804 1.1222766182320703 -0.21579916504286215
1.0975803170393572 -0.21650299268439804 1.2975789214388875 -0.21575583925962222
1.2728827774094378 -0.21650299268439804 1.4728809395620897 -0.21564559221696392
1.448185237779518 -0.21650299268439804 1.6481821694970913 -0.215395155351419
1.623487698149598 -0.21650299268439804 1.8234793100738138 -0.21467128311301373
1.7987901585196782 -0.21650299268439804 1.998512974331034 -0.20597698468595493
1.9740926188897583 -0.21650299268439804 1.7741048805387707 -0.214288380019191
2.1493950792598384 -0.21650299268439804 1.9493971676169566 -0.215589024147738
2.3246975396299194 -0.21650299268439804 2.12469828316484 -0.21595763645641566
2.5 -0.21650299268439804 2.300000350486091 -0.21612856737336433
-2.5837713507323277 -0.14187242778507636 -2.38377136313807 -0.14194287135653536
-2.4084688903622475 -0.14187242778507636 -2.2084689075065893 -0.14195523923621742
-2.233166429992167 -0.14187242778507636 -2.0331664552360382 -0.14197291434109544
-2.057863969622087 -0.14187242778507636 -1.8578640113948939 -0.1420016915506151
-1.8825615092520067 -0.14187242778507636 -1.682561601372456 -0.14206438655999692
-1.7072590488819266 -0.14187242778507636 -1.5072600042691078 -0.14249061380866093
-1.5319565885118462 -0.14187242778507636 -1.7319565536000434 -0.14199060020116347
-1.356654128141766 -0.14187242778507636 -1.5566541255080342 -0.14183997023234213
-1.1813516677716858 -0.14187242778507636 -1.3813516442961835 -0.14177552473864702
-1.0060492074016056 -0.14187242778507636 -1.2060491455574254 -0.1417151456553025
-0.8307467470315253 -0.14187242778507636 -1.030746607499318 -0.14163618032269193
-0.6554442866614449 -0.14187242778507636 -0.8554439559367104 -0.14150871115851182
-0.4801418262913648 -0.14187242778507636 -0.6801408563759801 -0.14124955924905241
-0.3048393659212847 -0.14187242778507636 -0.5048341020038808 -0.14042138014535546
-0.12953690555120412 -0.14187242778507636 0.0694957477310087 -0.12222547057937994
0.04576555481887601 -0.14187242778507636 0.24575946142455352 -0.14031123574066218
0.22106801518895614 -0.14187242778507636 0.42106593280031024 -0.14095976622566525
0.39637047555903626 -0.14187242778507636 0.5963692452931088 -0.14117092592659564
0.5716729359291164 -0.14187242778507636 0.7716720019108966 -0.14126119426543501
0.746975396299197 -0.14187242778507636 0.9469745622973984 -0.14129484660130565
0.9222778566692771 -0.14187242778507636 1.1222770060344365 -0.14128911550792542
1.0975803170393572 -0.14187242778507636 1.2975793245000662 -0.14124233673505227
1.2728827774094378 -0.14187242778507636 1.4728814078185115 -0.14113226935961057
1.448185237779518 -0.14187242778507636 1.6481827747182627 -0.14087984608295004
1.623487698149598 -0.14187242778507636 1.8234796457672433 -0.1400777444979724
1.7987901585196782 -0.14187242778507636 1.8342614062048155 0.05495691603250499
1.9740926188897583 -0.14187242778507636 1.7740983436086821 -0.1403592011671715
2.1493950792598384 -0.14187242778507636 1.9493963060143624 -0.14117192774606344
2.3246975396299194 -0.14187242778507636 2.124698012668119 -0.14143743921496843
2.5 -0.14187242778507636 2.3000002331413727 -0.1415670485212586
-2.5837713507323277 -0.06724186288575473 -2.3837713856816936 -0.06736009885816739
-2.4084688903622475 -0.06724186288575473 -2.208468946564021 -0.06739179855917209
-2.233166429992167 -0.06724186288575473 -2.0331665318607537 -0.06744372279817404
-2.057863969622087 -0.06724186288575473 -1.857864199256612 -0.06754493673373124
-1.8825615092520067 -0.06724186288575473 -1.682562386243903 -0.06783414321581585
-1.7072590488819266 -0.06724186288575473 -1.5075640076739956 -0.0782822667263186
-1.5319565885118462 -0.06724186288575473 -1.7319555464745346 -0.06788747409907361
-1.356654128141766 -0.06724186288575473 -1.556653904069777 -0.06754124348845232
-1.1813516677716858 -0.06724186288575473 -1.3813515865038133 -0.06742216025793472
-1.0060492074016056 -0.06724186288575473 -1.2060491764191876 -0.0673531865861147
-0.8307467470315253 -0.06724186288575473 -1.0307467393803977 -0.06729718422856094
-0.6554442866614449 -0.06724186288575473 -0.8554442865435399 -0.06723499542607626
-0.4801418262913648 -0.06724186288575473 -0.6801418001414404 -0.06713958889549887
-0.3048393659212847 -0.06724186288575473 -0.5048391063590095 -0.06691964426011922
-0.12953690555120412 -0.06724186288575473 -0.3295291316386807 -0.0654784841471784
0.04576555481887601 -0.06724186288575473 0.24576151380605513 -0.06597049008496732
0.22106801518895614 -0.06724186288575473 0.4210670303351989 -0.06661421606390974
0.39637047555903626 -0.06724186288575473 0.5963698931071417 -0.06675918243393188
0.5716729359291164 -0.06724186288575473 0.771672470454872 -0.06681036609422393
0.746975396299197 -0.06724186288575473 0.9469749544968142 -0.06682148120452551
0.9222778566692771 -0.06724186288575473 1.122277376866493 -0.066803775128175
1.0975803170393572 -0.06724186288575473 1.297579719488751 -0.06675296628589984
1.2728827774094378 -0.06724186288575473 1.4728818890607691 -0.06664575997656369
1.448185237779518 -0.06724186288575473 1.648183460620273 -0.06639873742670499
1.623487698149598 -0.06724186288575473 1.8234801572321804 -0.06550511013949235
1.7987901585196782 -0.06724186288575473 1.598901433537014 -0.06057120888447179
1.9740926188897583 -0.06724186288575473 1.7740951790702844 -0.06622990159403101
2.1493950792598384 -0.06724186288575473 1.9493957453434207 -0.0667256914130396
2.3246975396299194 -0.06724186288575473 2.124697818176269 -0.06690806884424857
2.5 -0.06724186288575473 2.3000001442824898 -0.06700162763637145
-2.5837713507323277 0.007388702013566895 -2.3837714215335306 0.007220415126903423
-2.4084688903622475 0.007388702013566895 -2.2084690130516216 0.007167171576285902
-2.233166429992167 0.007388702013566895 -2.03316667572022 0.007075187802278257
-2.057863969622087 0.007388702013566895 -1.8578646142275583 0.006880920788004397
-1.8825615092520067 0.007388702013566895 -1.6825649402197527 0.006217217772592518
-1.7072590488819266 0.007388702013566895 -1.907157646687351 0.0010207670715945607
-1.5319565885118462 0.007388702013566895 -1.7319543695766393 0.006446593124379819
-1.356654128141766 0.007388702013566895 -1.556653404348226 0.006850634274296981
-1.1813516677716858 0.007388702013566895 -1.381351282109882 0.006995936723810397
-1.0060492074016056 0.007388702013566895 -1.2060489506864611 0.007068255462698647
-0.8307467470315253 0.007388702013566895 -1.0307465515512313 0.0071090735468962675
-0.6554442866614449 0.007388702013566895 -0.8554441223500407 0.007132334046216801
-0.4801418262913648 0.007388702013566895 -0.680141675138405 0.007142813499996427
-0.3048393659212847 0.007388702013566895 -0.5048392094694785 0.0071385406695824195
-0.12953690555120412 0.007388702013566895 -0.3295366824806327 0.00708999115205513
0.04576555481887601 0.007388702013566895 0.24576550103396239 0.007242025626375939
0.22106801518895614 0.007388702013566895 0.4210679661047231 0.007528822286342229
0.39637047555903626 0.007388702013566895 0.5963703988598679 0.007563858119619617
0.5716729359291164 0.007388702013566895 0.7716728376042331 0.007587019798027862
0.746975396299197 0.007388702013566895 0.9469752707274692 0.007612819561615008
0.9222778566692771 0.007388702013566895 1.1222776880755312 0.007648389267670046
1.0975803170393572 0.007388702013566895 1.297580068581705 0.007703952706132004
1.2728827774094378 0.007388702013566895 1.4728823471615118 0.007803550160800315
1.448185237779518 0.007388702013566895 1.6481842086695486 0.008030296066405639
1.623487698149598 0.007388702013566895 1.8234810292594152 0.00902195386157329
1.7987901585196782 0.007388702013566895 1.5988036162846755 0.009708815133104665
1.9740926188897583 0.007388702013566895 1.7740936297130738 0.008024570163779637
2.1493950792598384 0.007388702013566895 1.9493953950289877 0.007744099762580765
2.3246975396299194 0.007388702013566895 2.124697684440766 0.007629376727139337
2.5 0.007388702013566895 2.300000079808868 0.007567373613985512
-2.5837713507323277 0.08201926691288852 -2.3837714725701105 0.08179850663947774
-2.4084688903622475 0.08201926691288852 -2.2084691124583684 0.08172120920192606
-2.233166429992167 0.08201926691288852 -2.033166907626903 0.08158217005152504
-2.057863969622087 0.08201926691288852 -1.8578653849946583 0.08126683949092689
-1.8825615092520067 0.08201926691288852 -1.6825723664908705 0.07993533369277413
-1.7072590488819266 0.08201926691288852 -1.9072215744940868 0.0781477877632388
-1.5319565885118462 0.08201926691288852 -1.7319533843618413 0.080887167210824
-1.356654128141766 0.08201926691288852 -1.5566528393330157 0.08130126841770907
-1.1813516677716858 0.08201926691288852 -1.3813508815167872 0.08145846272132864
-1.0060492074016056 0.08201926691288852 -1.2060486123455916 0.08153139187614344
-0.8307467470315253 0.08201926691288852 -1.0307462236712248 0.08156172582583643
-0.6554442866614449 0.08201926691288852 -0.8554437609806829 0.0815607126320224
-0.4801418262913648 0.08201926691288852 -0.6801412134441378 0.08152415226429369
-0.3048393659212847 0.08201926691288852 -0.5048384773624109 0.08142309348175952
-0.12953690555120412 0.08201926691288852 -0.3295348763657019 0.0811183395666034
0.04576555481887601 0.08201926691288852 -0.154188910466594 0.07775173690106986
0.22106801518895614 0.08201926691288852 0.4210660586603405 0.08113461578490874
0.39637047555903626 0.08201926691288852 0.5963702671702742 0.08173055345390876
0.5716729359291164 0.08201926691288852 0.7716729021149826 0.08190296707461785
0.746975396299197 0.08201926691288852 0.9469753943618238 0.08199142900167228
0.9222778566692771 0.08201926691288852 1.1222778535581075 0.08205454392830527
1.0975803170393572 0.08201926691288852 1.2975802937521816 0.08211578048571745
1.2728827774094378 0.08201926691288852 1.4728826965445805 0.0821991166733352
1.448185237779518 0.08201926691288852 1.648184922663918 0.08237429668725352
1.623487698149598 0.08201926691288852 1.8234828291943441 0.08341481640853772
1.7987901585196782 0.08201926691288852 1.598792078860778 0.08289569874261124
1.9740926188897583 0.08201926691288852 1.7740929134734074 0.08236253557273543
2.1493950792598384 0.08201926691288852 1.9493951936806206 0.0822332021830924
2.3246975396299194 0.08201926691288852 2.124697599461035 0.08217396805280962
2.5 0.08201926691288852 2.30000003624104 0.08213966797090055
-2.5837713507323277 0.15664983181221026 -2.3837715409466544 0.15637399545745068
-2.4084688903622475 0.15664983181221026 -2.2084692514487996 0.15626978643285658
-2.233166429992167 0.15664983181221026 -2.033167255484555 0.1560752047385761
-2.057863969622087 0.15664983181221026 -1.857866725694698 0.15559986921833938
-1.8825615092520067 0.15664983181221026 -1.6825963543952847 0.15291662365739567
-1.7072590488819266 0.15664983181221026 -1.9072335942969756 0.15345903472612965
-1.5319565885118462 0.15664983181221026 -1.7319525927540063 0.1553855979849836
-1.356654128141766 0.15664983181221026 -1.5566522856184741 0.15579134132199537
-1.1813516677716858 0.15664983181221026 -1.3813504531393406 0.15595280135174877
-1.0060492074016056 0.15664983181221026 -1.206048230999561 0.15602488392280306
-0.8307467470315253 0.15664983181221026 -1.030745840706989 0.15604772800627603
-0.6554442866614449 0.15664983181221026 -0.855443329617366 0.15603110997194045
-0.4801418262913648 0.15664983181221026 -0.6801406623563258 0.15596750296123324
-0.3048393659212847 0.15664983181221026 -0.5048376522309496 0.1558218987247477
-0.12953690555120412 0.15664983181221026 -0.3295333756624969 0.15546157972499108
0.04576555481887601 0.15664983181221026 -0.15421564965913648 0.15390796100501203
0.22106801518895614 0.15664983181221026 0.42101909204263155 0.15222638688143567
0.39637047555903626 0.15664983181221026 0.5963676198317935 0.1555810555297609
0.5716729359291164 0.15664983181221026 0.7716721405676632 0.15608578930614958
0.746975396299197 0.15664983181221026 0.9469750666837561 0.15628672567387994
0.9222778566692771 0.15664983181221026 1.1222776933720058 0.1563942562228335
1.0975803170393572 0.15664983181221026 1.297580229150898 0.15646233414308114
1.2728827774094378 0.15664983181221026 1.4728827305181578 0.1565128774043917
1.448185237779518 0.15664983181221026 1.6481852198144837 0.15656506145569898
1.623487698149598 0.15664983181221026 1.82348750003684 0.15693133681029617
1.7987901585196782 0.15664983181221026 1.5987902193056027 0.15680576245748126
1.9740926188897583 0.15664983181221026 1.7740926486677364 0.15675897021209584
2.1493950792598384 0.15664983181221026 1.9493950988413482 0.15673833380945593
2.3246975396299194 0.15664983181221026 2.1246975537228994 0.15672491304633093
2.5 0.15664983181221026 2.300000010616614 0.15671499810314568
-2.5837713507323277 0.2312803967115319 -2.383771629144577 0.23094668302830917
-2.4084688903622475 0.2312803967115319 -2.2084694381556997 0.23081229727677785
-2.233166429992167 0.2312803967115319 -2.0331677571670177 0.23055178969888207
-2.057863969622087 0.2312803967115319 -1.8578690079398397 0.22986078348375297
-1.8825615092520067 0.2312803967115319 -1.6827065126142895 0.22366591584031828
-1.7072590488819266 0.2312803967115319 -1.9072384098487796 0.22840721253902668
-1.5319565885118462 0.2312803967115319 -1.731951954613421 0.22991894972501883
-1.356654128141766 0.2312803967115319 -1.5566517699103706 0.23030916708015325
-1.1813516677716858 0.2312803967115319 -1.38135002874285 0.2304706999485988
-1.0060492074016056 0.2312803967115319 -1.2060478412288222 0.2305411624814469
-0.8307467470315253 0.2312803967115319 -1.0307454442140311 0.2305585066226978
-0.6554442866614449 0.2312803967115319 -0.8554428851422761 0.23053166064100472
-0.4801418262913648 0.2312803967115319 -0.6801401118499975 0.2304522822220783
-0.3048393659212847 0.2312803967115319 -0.5048368957678335 0.2302863870139774
-0.12953690555120412 0.2312803967115319 -0.3295323054353002 0.22992392142590742
0.04576555481887601 0.2312803967115319 -0.15421951853528953 0.22883694924350037
0.22106801518895614 0.2312803967115319 0.02332228052132579 0.20133670921718427
0.39637047555903626 0.2312803967115319 0.596352847539475 0.22862504417798424
0.5716729359291164 0.2312803967115319 0.7716690167335941 0.23002833327510672
0.746975396299197 0.2312803967115319 0.9469736690982037 0.230449206351815
0.9222778566692771 0.2312803967115319 1.1222768085168975 0.23063289392912634
1.0975803170393572 0.2312803967115319 1.2975795015860079 0.23070927441746528
1.2728827774094378 0.2312803967115319 1.4728819151681418 0.23069311843429713
1.448185237779518 0.2312803967115319 1.6481834503622668 0.23043484144687698
1.623487698149598 0.2312803967115319 1.4235284491486022 0.22724322703987604
1.7987901585196782 0.2312803967115319 1.5987903488579964 0.23100447046949454
1.9740926188897583 0.2312803967115319 1.7740926358870321 0.23119794121284787
2.1493950792598384 0.2312803967115319 1.9493950806381481 0.23125691642476423
2.3246975396299194 0.2312803967115319 2.1246975396331447 0.23128153251157615
2.5 0.2312803967115319 2.3000000004055203 0.23129313280883554
-2.5837713507323277 0.3059109616108535 -2.383771740028361 0.3055163500780151
-2.4084688903622475 0.3059109616108535 -2.2084696825582526 0.3053480426340583
-2.233166429992167 0.3059109616108535 -2.033168464803441 0.30500878625696526
-2.057863969622087 0.3059109616108535 -1.8578729114896757 0.30401975377496215
-1.8825615092520067 0.3059109616108535 -1.684473220637749 0.2783241909793608
-1.7072590488819266 0.3059109616108535 -1.907240967018089 0.30322164597649004
-1.5319565885118462 0.3059109616108535 -1.7319514334429436 0.30447499469399725
-1.356654128141766 0.3059109616108535 -1.5566512994770942 0.3048472615275219
-1.1813516677716858 0.3059109616108535 -1.3813496227839208 0.3050065331040007
-1.0060492074016056 0.3059109616108535 -1.2060474602381357 0.30507498174540587
-0.8307467470315253 0.3059109616108535 -1.030745054661822 0.3050881949263059
-0.6554442866614449 0.3059109616108535 -0.8554424531891673 0.3050545822851796
-0.4801418262913648 0.3059109616108535 -0.6801395944109366 0.3049661086117172
-0.3048393659212847 0.3059109616108535 -0.5048362362765094 0.3047921014250208
-0.12953690555120412 0.3059109616108535 -0.32953152571154115 0.30444402366992857
0.04576555481887601 0.3059109616108535 -0.15422103252612301 0.30359474009703247
0.22106801518895614 0.3059109616108535 0.021170902861951835 0.29949656504336314
0.39637047555903626 0.3059109616108535 0.5962246961863482 0.29827614023444
0.5716729359291164 0.3059109616108535 0.7716579946764381 0.3034663189313808
0.746975396299197 0.3059109616108535 0.9469695402053172 0.3043804704288901
0.9222778566692771 0.3059109616108535 1.1222742310126457 0.30470669855520505
1.0975803170393572 0.3059109616108535 1.297577192736627 0.30479305672634266
1.2728827774094378 0.3059109616108535 1.4728786938153153 0.30463290802308357
1.448185237779518 0.3059109616108535 1.648169854899146 0.30343045450224726
1.623487698149598 0.3059109616108535 1.4235051157535497 0.30327150367261896
1.7987901585196782 0.3059109616108535 1.5987909527531925 0.30534731919325153
1.9740926188897583 0.3059109616108535 1.7740927654683043 0.3056688224011573
2.1493950792598384 0.3059109616108535 1.9493951177401738 0.3057868965767787
2.3246975396299194 0.3059109616108535 2.124697551095216 0.30584324072378194
2.5 0.3059109616108535 2.3000000034406223 0.3058738637812298
-2.5837713507323277 0.38054152651017525 -2.3837718769139373 0.3800827538355976
-2.4084688903622475 0.38054152651017525 -2.2084699969747894 0.3798762117033137
-2.233166429992167 0.38054152651017525 -2.0331694512948406 0.3794422031086681
-2.057863969622087 0.38054152651017525 -1.857879766351033 0.37802787537253807
-1.8825615092520067 0.38054152651017525 -2.080483172348551 0.35178365320393
-1.7072590488819266 0.38054152651017525 -1.9072425435746614 0.37797211987032203
-1.5319565885118462 0.38054152651017525 -1.731951001549638 0.3790466172590244
-1.356654128141766 0.38054152651017525 -1.556650873886543 0.3794006095548152
-1.1813516677716858 0.38054152651017525 -1.3813492412475523 0.37955633426226576
-1.0060492074016056 0.38054152651017525 -1.206047096285881 0.3796225913475888
-0.8307467470315253 0.38054152651017525 -1.0307446818471964 0.379632642872624
-0.6554442866614449 0.38054152651017525 -0.8554420447776621 0.37959455846050416
-0.4801418262913648 0.38054152651017525 -0.6801391199894893 0.37950108745567307
-0.3048393659212847 0.38054152651017525 -0.504835668394584 0.3793253863009304
-0.12953690555120412 0.38054152651017525 -0.32953093766944397 0.37899649670837854
0.04576555481887601 0.38054152651017525 -0.15422183671540735 0.3782958134133469
0.22106801518895614 0.38054152651017525 0.021116308744992707 0.3761466328656063
0.39637047555903626 0.38054152651017525 0.23188082343130006 0.2667735418093099
0.5716729359291164 0.38054152651017525 0.7716099851176962 0.3755239213280762
0.746975396299197 0.38054152651017525 0.9469573259972106 0.37785307077151814
0.9222778566692771 0.38054152651017525 1.1222672730759258 0.37848402187394814
1.0975803170393572 0.38054152651017525 1.2975707126060936 0.3785815058316326
1.2728827774094378 0.38054152651017525 1.4728675006002903 0.3780695859206503
1.448185237779518 0.38054152651017525 1.6480034320677157 0.3720157285179614
1.623487698149598 0.38054152651017525 1.4235018503276593 0.3781623100550401
1.7987901585196782 0.38054152651017525 1.5987916371606317 0.3797724659176055
1.9740926188897583 0.38054152651017525 1.7740929747248564 0.38016425484064287
2.1493950792598384 0.38054152651017525 1.9493951947234653 0.3803266185358889
2.3246975396299194 0.38054152651017525 2.1246975831876966 0.38040952988556426
2.5 0.38054152651017525 2.3000000178606266 0.38045700284328965
-2.5837713507323277 0.45517209140949677 -2.383772043651257 0.4546456247994232
-2.4084688903622475 0.45517209140949677 -2.2084703967107906 0.4543958587458616
-2.233166429992167 0.45517209140949677 -2.0331708204654855 0.4538468857458021
-2.057863969622087 0.45517209140949677 -1.8578924156381424 0.4517990219992401
-1.8825615092520067 0.45517209140949677 -2.0822424659460532 0.44387981379378727
-1.7072590488819266 0.45517209140949677 -1.9072436098655072 0.4526870625958774
-1.5319565885118462 0.45517209140949677 -1.7319506386439836 0.45362939515159906
-1.356654128141766 0.45517209140949677 -1.5566504898058984 0.45396572450449063
-1.1813516677716858 0.45517209140949677 -1.3813488859010483 0.45411722624456924
-1.0060492074016056 0.45517209140949677 -1.206046752914958 0.45418123893082163
-0.8307467470315253 0.45517209140949677 -1.030744330019322 0.45418883201372745
-0.6554442866614449 0.45517209140949677 -0.855441663884353 0.45414783365004574
-0.4801418262913648 0.45517209140949677 -0.6801386894597348 0.4540519473061257
-0.3048393659212847 0.45517209140949677 -0.5048351793079091 0.4538780172916423
-0.12953690555120412 0.45517209140949677 -0.3295304801299214 0.45356892977477564
0.04576555481887601 0.45517209140949677 -0.1542223348228365 0.4529711832664289
0.22106801518895614 0.45517209140949677 0.021101198577639618 0.4515289808791779
0.39637047555903626 0.45517209140949677 0.1966427105982696 0.444740413511059
0.5716729359291164 0.45517209140949677 0.7711363594348499 0.44053164457982696
0.746975396299197 0.45517209140949677 0.9469134822615353 0.45019597025777214
0.9222778566692771 0.45517209140949677 1.1222467044795112 0.4516422322837754
1.0975803170393572 0.45517209140949677 1.2975509856734282 0.45174693651627185
1.2728827774094378 0.45517209140949677 1.4728194433840633 0.45013923943958867
1.448185237779518 0.45517209140949677 1.2507003357018627 0.4235538458639428
1.623487698149598 0.45517209140949677 1.4235005752508014 0.452902581625068
1.7987901585196782 0.45517209140949677 1.5987922886892296 0.45424901866970174
1.9740926188897583 0.45517209140949677 1.7740932267859262 0.45467898077527236
2.1493950792598384 0.45517209140949677 1.9493953003158309 0.45487473245456483
2.3246975396299194 0.45517209140949677 2.124697631918457 0.4549799575848617
2.5 0.45517209140949677 2.3000000420629054 0.45504237957359844
-2.5837713507323277 0.5298026563088185 -2.383772244724456 0.5292046629543545
-2.4084688903622475 0.5298026563088185 -2.208470900919528 0.5289058737990561
-2.233166429992167 0.5298026563088185 -2.0331727233149044 0.5282160594825388
-2.057863969622087 0.5298026563088185 -1.857917720128992 0.5251661367472173
-1.8825615092520067 0.5298026563088185 -2.0824164151851043 0.5221857951132436
-1.7072590488819266 0.5298026563088185 -1.9072443779585742 0.5273802289920683
-1.5319565885118462 0.5298026563088185 -1.7319503298555428 0.5282204352905446
-1.356654128141766 0.5298026563088185 -1.55665014302591 0.5285401071172329
-1.1813516677716858 0.5298026563088185 -1.381348556422686 0.5286870712966123
-1.0060492074016056 0.5298026563088185 -1.206046431159804 0.5287488588837463
-0.8307467470315253 0.5298026563088185 -1.0307440005091417 0.5287545144243265
-0.6554442866614449 0.5298026563088185 -0.8554413110637294 0.528711679575782
-0.4801418262913648 0.5298026563088185 -0.6801383001432086 0.5286150339661642
-0.3048393659212847 0.5298026563088185 -0.5048347560625003 0.5284447453165309
-0.12953690555120412 0.5298026563088185 -0.3295301146966171 0.5281545374662885
0.04576555481887601 0.5298026563088185 -0.15422267346940657 0.5276327378509569
0.22106801518895614 0.5298026563088185 0.021094431813549835 0.5265521252753665
0.39637047555903626 0.5298026563088185 0.19647145756526488 0.5234479253840761
0.5716729359291164 0.5298026563088185 0.3768309741669831 0.48467384138217345
0.746975396299197 0.5298026563088185 0.946637921991114 0.51818905073929
0.9222778566692771 0.5298026563088185 1.1221663417694792 0.5231248180099173
1.0975803170393572 0.5298026563088185 1.2974710709052473 0.523193078491277
1.2728827774094378 0.5298026563088185 1.472361208101824 0.5153681251940609
1.448185237779518 0.5298026563088185 1.2483527111307633 0.5216196682741939
1.623487698149598 0.5298026563088185 1.4234998980105638 0.527593630381019
1.7987901585196782 0.5298026563088185 1.5987928772703919 0.5287598270352345
1.9740926188897583 0.5298026563088185 1.7740934995347983 0.5292091436800914
2.1493950792598384 0.5298026563088185 1.9493954262056308 0.5294301268515245
2.3246975396299194 0.5298026563088185 2.1246976940350937 0.5295541365995544
2.5 0.5298026563088185 2.3000000746643443 0.5296298392605244
-2.5837713507323277 0.6044332212081402 -2.3837724853739464 0.6037595333278486
-2.4084688903622475 0.6044332212081402 -2.208471533757474 0.6034049454167913
-2.233166429992167 0.6044332212081402 -2.0331753848637764 0.6025406387253788
-2.057863969622087 0.6044332212081402 -1.8579754271496434 0.5977571004601172
-1.8825615092520067 0.6044332212081402 -2.082470753883565 0.5984087784256312
-1.7072590488819266 0.6044332212081402 -1.907244957086276 0.6020590856430187
-1.5319565885118462 0.6044332212081402 -1.731950064161757 0.602817765399826
-1.356654128141766 0.6044332212081402 -1.5566498293126054 0.6031219191131681
-1.1813516677716858 0.6044332212081402 -1.3813482514959852 0.6032642478939493
-1.0060492074016056 0.6044332212081402 -1.2060461307317323 0.6033238707299688
-0.8307467470315253 0.6044332212081402 -1.0307436931216654 0.6033279815881482
-0.6554442866614449 0.6044332212081402 -0.8554409852425998 0.6032840664584701
-0.4801418262913648 0.6044332212081402 -0.6801379481607257 0.603187734469649
-0.3048393659212847 0.6044332212081402 -0.5048343874386925 0.6030220627295765
-0.12953690555120412 0.6044332212081402 -0.32952981642310347 0.6027492969270294
0.04576555481887601 0.6044332212081402 -0.15422291859542608 0.6022860133893676
0.22106801518895614 0.6044332212081402 0.021090657071556468 0.6014238624084451
0.39637047555903626 0.6044332212081402 0.19643137240927466 0.5994981394794354
0.5716729359291164 0.6044332212081402 0.37200371516183395 0.592935296256819
0.746975396299197 0.6044332212081402 0.8596391098192236 0.43918526310917505
0.9222778566692771 0.6044332212081402 1.1214566896240115 0.5863281803965302
1.0975803170393572 0.6044332212081402 1.296695085597309 0.5856367071134126
1.2728827774094378 0.6044332212081402 1.0789029028276478 0.5557320070833054
1.448185237779518 0.6044332212081402 1.2482594706383487 0.5989845853224293
1.623487698149598 0.6044332212081402 1.4234994784216697 0.6022625139377269
1.7987901585196782 0.6044332212081402 1.5987933996566692 0.6032946061320666
1.9740926188897583 0.6044332212081402 1.774093779557784 0.6037518506311602
2.1493950792598384 0.6044332212081402 1.9493955662195093 0.6039918782222349
2.3246975396299194 0.6044332212081402 2.1246977668776177 0.6041317265520112
2.5 0.6044332212081402 2.3000001144687143 0.6042192411328677
-2.5837713507323277 0.6790637861074618 -2.3837727717460018 0.678309860746199
-2.4084688903622475 0.6790637861074618 -2.2084723259536125 0.6778915127849372
-2.233166429992167 0.6790637861074618 -2.033179150132106 0.6768081500167686
-2.057863969622087 0.6790637861074618 -1.8581409482900515 0.6685416784287039
-1.8825615092520067 0.6790637861074618 -2.082495567310142 0.673928376833977
-1.7072590488819266 0.6790637861074618 -1.907245409092728 0.6767280357707187
-1.5319565885118462 0.6790637861074618 -1.7319498332720362 0.6774199946697393
-1.356654128141766 0.6790637861074618 -1.5566495447459352 0.6777097782327451
-1.1813516677716858 0.6790637861074618 -1.381347969380797 0.6778475037893268
-1.0060492074016056 0.6790637861074618 -1.2060458506687508 0.6779050446029444
-0.8307467470315253 0.6790637861074618 -1.030743406889873 0.6779079117612069
-0.6554442866614449 0.6790637861074618 -0.8554406846296521 0.6778634529276552
-0.4801418262913648 0.6790637861074618 -0.680137629441181 0.6777681308832556
-0.3048393659212847 0.6790637861074618 -0.5048340641934149 0.677607536458675
-0.12953690555120412 0.6790637861074618 -0.32952956851529247 0.677350671828562
0.04576555481887601 0.6790637861074618 -0.15422310421244698 0.6769339366167139
0.22106801518895614 0.6790637861074618 0.021088267838746677 0.6762176220667936
0.39637047555903626 0.6790637861074618 0.19641486292214191 0.674850358167617
0.5716729359291164 0.6790637861074618 0.37180715189927516 0.6717379159109005
0.746975396299197 0.6790637861074618 0.5476956764537867 0.6621052113343626
0.9222778566692771 0.6790637861074618 0.7318485226118925 0.6179354888102115
1.0975803170393572 0.6790637861074618 0.9038336624377992 0.6294428849598146
1.2728827774094378 0.6790637861074618 1.0732291265908975 0.6672985952960732
1.448185237779518 0.6790637861074618 1.2482334464726947 0.6746727551131914
1.623487698149598 0.6790637861074618 1.4234991930695138 0.6769195296318604
1.7987901585196782 0.6790637861074618 1.5987938611084391 0.6778468137186047
1.9740926188897583 0.6790637861074618 1.774094058706817 0.6783048890456436
2.1493950792598384 0.6790637861074618 1.9493957157461224 0.6785592129130839
2.3246975396299194 0.6790637861074618 2.1246978482631547 0.6787124270334671
2.5 0.6790637861074618 2.3000001604393785 0.6788104568243662
-2.5837713507323277 0.7536943510067835 -2.383773111077012 0.7528552236177765
-2.4084688903622475 0.7536943510067835 -2.2084733169681963 0.7523637035009656
-2.233166429992167 0.7536943510067835 -2.0331845662837025 0.7510009910811232
-2.057863969622087 0.7536943510067835 -1.8589126607727622 0.7332400921069683
-1.8825615092520067 0.7536943510067835 -2.0825093344663532 0.7491262888297523
-1.7072590488819266 0.7536943510067835 -1.9072457715611781 0.7513898441154627
-1.5319565885118462 0.7536943510067835 -1.731949630855565 0.7520261141820253
-1.356654128141766 0.7536943510067835 -1.5566492858305716 0.7523026250891818
-1.1813516677716858 0.7536943510067835 -1.381347708211774 0.7524358565544438
-1.0060492074016056 0.7536943510067835 -1.2060455896960014 0.7524914091320732
-0.8307467470315253 0.7536943510067835 -1.030743140488357 0.7524932663885227
-0.6554442866614449 0.7536943510067835 -0.8554404071804782 0.7524486474560401
-0.4801418262913648 0.7536943510067835 -0.6801373401391169 0.7523547836237672
-0.3048393659212847 0.7536943510067835 -0.5048337788396873 0.7521994257834137
-0.12953690555120412 0.7536943510067835 -0.32952935929689087 0.7519569838091678
0.04576555481887601 0.7536943510067835 -0.1542232496319529 0.7515782001784825
0.22106801518895614 0.7536943510067835 0.021086626357428112 0.7509659593535901
0.39637047555903626 0.7536943510067835 0.19640613533132026 0.7499177603095735
0.5716729359291164 0.7536943510067835 0.3717541765220499 0.7479943828367439
0.746975396299197 0.7536943510067835 0.5471923716944073 0.7443807545069338
0.9222778566692771 0.7536943510067835 0.7227827805249765 0.7394917246940311
1.0975803170393572 0.7536943510067835 0.898020837715391 0.7404273162232493
1.2728827774094378 0.7536943510067835 1.073021219306266 0.7462540826935755
1.448185237779518 0.7536943510067835 1.2482219101251624 0.7498645215854091
1.623487698149598 0.7536943510067835 1.4234989864615732 0.7515694516293657
1.7987901585196782 0.7536943510067835 1.5987942690467798 0.7524120897447019
1.9740926188897583 0.7536943510067835 1.7740943320838907 0.7528665377923754
2.1493950792598384 0.7536943510067835 1.9493958713267063 0.7531314779128947
2.3246975396299194 0.7536943510067835 2.1246979363950853 0.7532959719048361
2.5 0.7536943510067835 2.3000002116763794 0.7534033690367755
-2.5837713507323277 0.828324915906105 -2.3837735119217554 0.8273951465259373
-2.4084688903622475 0.828324915906105 -2.2084745580039424 0.8268192517484018
-2.233166429992167 0.828324915906105 -2.0331925369191874 0.8250934937367592
-2.057863969622087 0.828324915906105 -1.8828545997475783 0.7315172692239991
-1.8825615092520067 0.828324915906105 -2.0825179371017106 0.8241503546613497
-1.7072590488819266 0.828324915906105 -1.907246068624117 0.8260463341900455
-1.5319565885118462 0.828324915906105 -1.7319494520070373 0.8266353742541032
-1.356654128141766 0.828324915906105 -1.5566490495067038 0.8268996340980771
-1.1813516677716858 0.828324915906105 -1.3813474661516563 0.8270285246232679
-1.0060492074016056 0.828324915906105 -1.2060453464260028 0.8270821869195597
-0.8307467470315253 0.828324915906105 -1.0307428924608857 0.8270832181175287
-0.6554442866614449 0.828324915906105 -0.8554401508331229 0.8270387144351935
-0.4801418262913648 0.828324915906105 -0.6801370767866585 0.8269465910805406
-0.3048393659212847 0.828324915906105 -0.5048335253344578 0.8267964524232805
-0.12953690555120412 0.828324915906105 -0.329529180416572 0.826567077979803
0.04576555481887601 0.828324915906105 -0.1542233666292739 0.8262198510601363
0.22106801518895614 0.828324915906105 0.021085431957751394 0.8256855212455302
0.39637047555903626 0.828324915906105 0.19640081914349428 0.8248411660514088
0.5716729359291164 0.828324915906105 0.3717313759441534 0.823490395166731
0.746975396299197 0.828324915906105 0.5470923413983012 0.8214864684590955
0.9222778566692771 0.828324915906105 0.7224706056926685 0.8195463934125105
1.0975803170393572 0.828324915906105 0.8977556590418477 0.8199519799707018
1.2728827774094378 0.828324915906105 1.07296602412502 0.8225550150215802
1.448185237779518 0.828324915906105 1.248215550483061 0.8248429390886638
1.623487698149598 0.828324915906105 1.4234988299728109 0.8262147961541337
1.7987901585196782 0.828324915906105 1.598794630831076 0.8269874165387965
1.9740926188897583 0.828324915906105 1.7740945968272466 0.8274354379226272
2.1493950792598384 0.828324915906105 1.9493960303605644 0.8277081182198205
2.3246975396299194 0.828324915906105 2.1246980297909923 0.827882124545634
2.5 0.828324915906105 2.300000267397132 0.8279978703721926
-2.5837713507323277 0.9029554808054268 -2.3837739844379184 0.9019290913569686
-2.4084688903622475 0.9029554808054268 -2.208476116270931 0.9012553892609368
-2.233166429992167 0.9029554808054268 -2.033204629894914 0.899046708380964
-2.057863969622087 0.9029554808054268 -2.254047095829962 0.8640687093875669
-1.8825615092520067 0.9029554808054268 -2.082523760571971 0.8990698602563504
-1.7072590488819266 0.9029554808054268 -1.9072463164753477 0.9006987574024915
-1.5319565885118462 0.9029554808054268 -1.73194929287349 0.9012472062033398
-1.356654128141766 0.9029554808054268 -1.5566488331193984 0.9015001523511793
-1.1813516677716858 0.9029554808054268 -1.3813472414661645 0.9016248784545016
-1.0060492074016056 0.9029554808054268 -1.2060451194685755 0.9016767484249374
-0.8307467470315253 0.9029554808054268 -1.0307426613442159 0.9016770997077483
-0.6554442866614449 0.9029554808054268 -0.8554399136229783 0.9016329089687365
-0.4801418262913648 0.9029554808054268 -0.6801368363263672 0.9015426959317437
-0.3048393659212847 0.9029554808054268 -0.5048332987881318 0.9013976565370734
-0.12953690555120412 0.9029554808054268 -0.3295290257517338 0.901180133600821
0.04576555481887601 0.9029554808054268 -0.1542234627915569 0.9008595716437604
0.22106801518895614 0.9029554808054268 0.021084525231114065 0.9003857056631828
0.39637047555903626 0.9029554808054268 0.19639727147377772 0.899681698913555
0.5716729359291164 0.9029554808054268 0.37171910528753827 0.8986583175831234
0.746975396299197 0.9029554808054268 0.5470542266818565 0.897340684385732
0.9222778566692771 0.9029554808054268 0.7223898348876905 0.8962637883256432
1.0975803170393572 0.9029554808054268 0.897684100720417 0.8965132217783847
1.2728827774094378 0.9029554808054268 1.072942425231032 0.8980712643099104
1.448185237779518 0.9029554808054268 1.2482115685604342 0.8997102351973848
1.623487698149598 0.9029554808054268 1.4234987073472196 0.900857015212143
1.7987901585196782 0.9029554808054268 1.5987949530434116 0.9015706391156071
1.9740926188897583 0.9029554808054268 1.7740948513638002 0.9020105021639722
2.1493950792598384 0.9029554808054268 1.9493961908908308 0.9022886591191616
2.3246975396299194 0.9029554808054268 2.1246981272251895 0.9024706738719732
2.5 0.9029554808054268 2.3000003269201077 0.9025938623101529
-2.5837713507323277 0.9775860457047485 -2.383774540743035 0.9764564466135556
-2.4084688903622475 0.9775860457047485 -2.208478081129912 0.9756686979022873
-2.233166429992167 0.9775860457047485 -2.0332237386540606 0.9727985431747551
-2.057863969622087 0.9775860457047485 -2.257047548255588 0.9595332896062488
-1.8825615092520067 0.9775860457047485 -2.082527935882628 0.9739215920510067
-1.7072590488819266 0.9775860457047485 -1.9072465263807792 0.9753480011015323
-1.5319565885118462 0.9775860457047485 -1.7319491503902134 0.9758611708317515
-1.356654128141766 0.9775860457047485 -1.556648634373516 0.9761036567144643
-1.1813516677716858 0.9775860457047485 -1.3813470325563733 0.9762244052823955
-1.0060492074016056 0.9775860457047485 -1.2060449074892108 0.9762745784086504
-0.8307467470315253 0.9775860457047485 -1.0307424457332792 0.9762743670866165
-0.6554442866614449 0.9775860457047485 -0.8554396937336857 0.9762306306359444
-0.4801418262913648 0.9775860457047485 -0.680136616092677 0.9761424209858514
-0.3048393659212847 0.9775860457047485 -0.5048330952235747 0.9760023033764677
-0.12953690555120412 0.9775860457047485 -0.32952889071581737 0.9757955513827434
0.04576555481887601 0.9775860457047485 -0.1542235432271209 0.975497825709478
0.22106801518895614 0.9775860457047485 0.02108381411347826 0.9750722198947848
0.39637047555903626 0.9775860457047485 0.19639474863023967 0.9744701767570253
0.5716729359291164 0.9775860457047485 0.37171157282168615 0.9736549816988531
0.746975396299197 0.9775860457047485 0.5470350652252395 0.9727009653536937
0.9222778566692771 0.9775860457047485 0.7223559121745662 0.971998907845904
1.0975803170393572 0.9775860457047485 0.8976534802733762 0.9721767998470695
1.2728827774094378 0.9775860457047485 1.0729297740997121 0.9732505564104592
1.448185237779518 0.9775860457047485 1.248208858612873 0.9745123223277551
1.623487698149598 0.9775860457047485 1.4234986086704864 0.9754970054188937
1.7987901585196782 0.9775860457047485 1.5987952413348847 0.9761601774613256
1.9740926188897583 0.9775860457047485 1.7740950949400087 0.9765908502619809
2.1493950792598384 0.9775860457047485 1.94939635144704 0.9768726921723484
2.3246975396299194 0.9775860457047485 2.1246982276826207 0.9770614309822012
2.5 0.9775860457047485 2.300000389650995 0.9771912543089739
-2.5837713507323277 1.05221661060407 -2.383775195365362 1.0509765144656213
-2.4084688903622475 1.05221661060407 -2.208480573108366 1.0500549071182295
-2.233166429992167 1.05221661060407 -2.0332556422071484 1.0462435940150048
-2.057863969622087 1.05221661060407 -2.257489169859073 1.0399781699214037
-1.8825615092520067 1.05221661060407 -2.0825310615928325 1.0487268919034043
-1.7072590488819266 1.05221661060407 -1.907246706417465 1.0499947119906707
-1.5319565885118462 1.05221661060407 -1.7319490220911697 1.0504769235575357
-1.356654128141766 1.05221661060407 -1.5566484512864118 1.050709723111614
-1.1813516677716858 1.05221661060407 -1.3813468379681784 1.0508266832405218
-1.0060492074016056 1.05221661060407 -1.2060447092378421 1.0508752511175958
-0.8307467470315253 1.05221661060407 -1.0307422443130327 1.0508745721833863
-0.6554442866614449 1.05221661060407 -0.8554394895141954 1.0508313900847253
-0.4801418262913648 1.05221661060407 -0.6801364137735029 1.050745224234209
-0.3048393659212847 1.05221661060407 -0.5048329113847075 1.0506098209570296
-0.12953690555120412 1.05221661060407 -0.3295287718072984 1.0504128835170345
0.04576555481887601 1.05221661060407 -0.15422361150104522 1.0501349394814161
0.22106801518895614 1.05221661060407 0.021083241851554663 1.0497487303014286
0.39637047555903626 1.05221661060407 0.19639286876384413 1.0492238225281223
0.5716729359291164 1.05221661060407 0.3717065304461597 1.0485510031202072
0.746975396299197 1.05221661060407 0.5470238125251438 1.0478161394647716
0.9222778566692771 1.05221661060407 0.722337976675266 1.0473131028819966
1.0975803170393572 1.05221661060407 0.897637111588685 1.0474506275879127
1.2728827774094378 1.05221661060407 1.0729220281872538 1.0482544432044218
1.448185237779518 1.05221661060407 1.2482069028000207 1.049272881875393
1.623487698149598 1.05221661060407 1.423498527553212 1.0501353503681574
1.7987901585196782 1.05221661060407 1.598795500474821 1.0507548467651888
1.9740926188897583 1.05221661060407 1.7740953273229048 1.0511757619488942
2.1493950792598384 1.05221661060407 1.9493965109283644 1.0514598640410158
2.3246975396299194 1.05221661060407 2.124698330321696 1.0516542263177278
2.5 1.05221661060407 2.3000004550709328 1.0517899630140972
-2.5837713507323277 1.1268471755033918 -2.3837759658176276 1.125488494959273
-2.4084688903622475 1.1268471755033918 -2.208483757411576 1.1244086106176219
-2.233166429992167 1.1268471755033918 -2.033313162092571 1.1191874555442576
-2.057863969622087 1.1268471755033918 -2.257637555963043 1.1173332803771803
-1.8825615092520067 1.1268471755033918 -2.0825334814626713 1.1234989923875494
-1.7072590488819266 1.1268471755033918 -1.90724686252569 1.1246393725259143
-1.5319565885118462 1.1268471755033918 -1.7319489059709436 1.1250941902382985
-1.356654128141766 1.1268471755033918 -1.5566482821436616 1.1253180041375652
-1.1813516677716858 1.1268471755033918 -1.3813466563897352 1.1254313620742002
-1.0060492074016056 1.1268471755033918 -1.2060445235606547 1.125478411666219
-0.8307467470315253 1.1268471755033918 -1.030742055871388 1.1254773426493787
-0.6554442866614449 1.1268471755033918 -0.855439299478289 1.1254347844844497
-0.4801418262913648 1.1268471755033918 -0.6801362273666671 1.125350666722555
-0.3048393659212847 1.1268471755033918 -0.5048327445870917 1.1252197573533298
-0.12953690555120412 1.1268471755033918 -0.32952866630800437 1.125031788659002
0.04576555481887601 1.1268471755033918 -0.1542236701768623 1.1247711491056864
0.22106801518895614 1.1268471755033918 0.021082771614502477 1.1244176997437982
0.39637047555903626 1.1268471755033918 0.19639141705210456 1.1239530160949995
0.5716729359291164 1.1268471755033918 0.3717029417696469 1.1233828666456631
0.746975396299197 1.1268471755033918 0.5470165129096716 1.1227919377034328
0.9222778566692771 1.1268471755033918 0.7223271182395259 1.1224084593154386
1.0975803170393572 1.1268471755033918 0.8976271279817697 1.122520261395085
1.2728827774094378 1.1268471755033918 1.0729168526486093 1.1231554368145586
1.448185237779518 1.1268471755033918 1.2482054284925785 1.124005366649976
1.623487698149598 1.1268471755033918 1.4234984596926326 1.1247724462673216
1.7987901585196782 1.1268471755033918 1.598795734462987 1.1253537411283858
1.9740926188897583 1.1268471755033918 1.774095548607225 1.1257646421766652
2.1493950792598384 1.1268471755033918 1.9493966685162885 1.1260498674987287
2.3246975396299194 1.1268471755033918 2.1246984344441815 1.1262489072490307
2.5 1.1268471755033918 2.3000005227264704 1.1263899115588516
-2.5837713507323277 1.2014777404027135 -2.383776873332904 1.199991466628688
-2.4084688903622475 1.2014777404027135 -2.2084878646492783 1.1987228620408426
-2.233166429992167 1.2014777404027135 -2.0334292522220534 1.1912278713094036
-2.057863969622087 1.2014777404027135 -2.2577065320540393 1.1935436216343078
-1.8825615092520067 1.2014777404027135 -2.082535405814822 1.198246534206215
-1.7072590488819266 1.2014777404027135 -1.907246999170798 1.1992823499463507
-1.5319565885118462 1.2014777404027135 -1.7319488003828207 1.199712750047153
-1.356654128141766 1.2014777404027135 -1.5566481254597315 1.1999282124805497
-1.1813516677716858 1.2014777404027135 -1.3813464866429206 1.2000381485640434
-1.0060492074016056 1.2014777404027135 -1.2060443494023048 1.200083761880576
-0.8307467470315253 1.2014777404027135 -1.0307418793015413 1.200082366510578
-0.6554442866614449 1.2014777404027135 -0.8554391222954522 1.2000404792133508
-0.4801418262913648 1.2014777404027135 -0.6801360551376767 1.1999583891697758
-0.3048393659212847 1.2014777404027135 -0.5048325926019059 1.1998317507692051
-0.12953690555120412 1.2014777404027135 -0.3295285720763822 1.1996520020638608
0.04576555481887601 1.2014777404027135 -0.15422372114510155 1.199406629733526
0.22106801518895614 1.2014777404027135 0.02108237848624761 1.1990808439484861
0.39637047555903626 1.2014777404027135 0.19639026394859313 1.198664385778357
0.5716729359291164 1.2014777404027135 0.3717002687788772 1.198171323487135
0.746975396299197 1.2014777404027135 0.5470114390415205 1.1976809262315755
0.9222778566692771 1.2014777404027135 0.7223199309383111 1.1973755535018626
1.0975803170393572 1.2014777404027135 0.8976204839162487 1.197469606500431
1.2728827774094378 1.2014777404027135 1.0729131744674443 1.1979909224806768
1.448185237779518 1.2014777404027135 1.2482042793091752 1.198717985108662
1.623487698149598 1.2014777404027135 1.4234984020852965 1.1994085715586738
1.7987901585196782 1.2014777404027135 1.598795946650761 1.1999561560538412
1.9740926188897583 1.2014777404027135 1.7740957590898383 1.200356995038601
2.1493950792598384 1.2014777404027135 1.9493968236087993 1.2006424341465542
2.3246975396299194 1.2014777404027135 2.1246985394706948 1.2008453360143656
2.5 1.2014777404027135 2.3000005922209836 1.2009910289452885
-2.5837713507323277 1.276108305302035 -2.3837779438164186 1.2744843625174531
-2.4084688903622475 1.276108305302035 -2.2084932234838806 1.2729885847132025
-2.233166429992167 1.276108305302035 -2.0337096994217836 1.2613769567495974
-2.057863969622087 1.276108305302035 -2.2577448036360357 1.2692052484510323
-1.8825615092520067 1.276108305302035 -2.082536969991162 1.2729753989576609
-1.7072590488819266 1.276108305302035 -1.9072471197736525 1.2739239287305486
-1.5319565885118462 1.276108305302035 -1.731948703962554 1.2743324231126096
-1.356654128141766 1.276108305302035 -1.5566479799439834 1.2745401084672345
-1.1813516677716858 1.276108305302035 -1.3813463276721951 1.2746467953706337
-1.0060492074016056 1.276108305302035 -1.206044185802872 1.2746910494052432
-0.8307467470315253 1.276108305302035 -1.0307417135985462 1.2746893804075459
-0.6554442866614449 1.276108305302035 -0.8554389567779493 1.2746481940081362
-0.4801418262913648 1.276108305302035 -0.6801358955815008 1.274568094676085
-0.3048393659212847 1.276108305302035 -0.5048324535657971 1.274445508136293
-0.12953690555120412 1.276108305302035 -0.3295284874027333 1.2742733152412744
0.04576555481887601 1.276108305302035 -0.15422376583049352 1.2740415140199592
0.22106801518895614 1.276108305302035 0.021082045022880608 1.2737393948491993
0.39637047555903626 1.276108305302035 0.19638932694846542 1.2733623627686272
0.5716729359291164 1.276108305302035 0.37169820673559867 1.2729290469012047
0.746975396299197 1.276108305302035 0.5470077290256093 1.2725121900147067
0.9222778566692771 1.276108305302035 0.72231486375161 1.2722610382968704
1.0975803170393572 1.276108305302035 0.8976157802288656 1.2723421377320097
1.2728827774094378 1.276108305302035 1.0729104379117698 1.272782130948608
1.448185237779518 1.276108305302035 1.2482033594671964 1.2734160299305615
1.623487698149598 1.276108305302035 1.4234983525711433 1.2740439276472928
1.7987901585196782 1.276108305302035 1.598796139851764 1.2745615354232267
1.9740926188897583 1.276108305302035 1.774095959187505 1.2749524039476652
2.1493950792598384 1.276108305302035 1.9493969757704472 1.2752373284672087
2.3246975396299194 1.276108305302035 2.1246986449206777 1.27544338795249
2.5 1.276108305302035 2.3000006632073116 1.2755932494945965
-2.5837713507323277 1.3507388702013565 -2.3837792090878938 1.3489659402894227
-2.4084688903622475 1.3507388702013565 -2.2085003136315025 1.3471936875149289
-2.233166429992167 1.3507388702013565 -2.0346528576959284 1.3264003900888663
-2.057863969622087 1.3507388702013565 -2.2577685529205005 1.3445616882963438
-1.8825615092520067 1.3507388702013565 -2.082538264745859 1.3476897289858683
-1.7072590488819266 1.3507388702013565 -1.9072472269988094 1.3485643326666295
-1.5319565885118462 1.3507388702013565 -1.7319486155706376 1.3489530614446232
-1.356654128141766 1.3507388702013565 -1.5566478444717127 1.349153490582219
-1.1813516677716858 1.3507388702013565 -1.3813461785327161 1.3492570923988252
-1.0060492074016056 1.3507388702013565 -1.2060440318920993 1.3493000592281308
-0.8307467470315253 1.3507388702013565 -1.030741557852961 1.3492981604810805
-0.6554442866614449 1.3507388702013565 -0.8554388018667196 1.3492576923568056
-0.4801418262913648 1.3507388702013565 -0.6801357473891335 1.3491795357473453
-0.3048393659212847 1.3507388702013565 -0.5048323259105674 1.349060789534291
-0.12953690555120412 1.3507388702013565 -0.3295284109058505 1.3488955617674667
0.04576555481887601 1.3507388702013565 -0.15422380532707544 1.3486759042750927
0.22106801518895614 1.3507388702013565 0.021081758655066368 1.348394259879525
0.39637047555903626 1.3507388702013565 0.19638855113985498 1.348050021823172
0.5716729359291164 1.3507388702013565 0.37169657109906334 1.3476642142275075
0.746975396299197 1.3507388702013565 0.5470049093108631 1.347303126664858
0.9222778566692771 1.3507388702013565 0.7223111197442742 1.3470913883896585
1.0975803170393572 1.3507388702013565 0.8976122932803241 1.3471626328061643
1.2728827774094378 1.3507388702013565 1.072908328777559 1.3475420132486526
1.448185237779518 1.3507388702013565 1.2482026071789762 1.3481030670813774
1.623487698149598 1.3507388702013565 1.4234983095569373 1.3486786638200103
1.7987901585196782 1.3507388702013565 1.5987963164364145 1.3491694343872553
1.9740926188897583 1.3507388702013565 1.7740961493828864 1.34955051638752
2.1493950792598384 1.3507388702013565 1.9493971246942172 1.3498343429393433
2.3246975396299194 1.3507388702013565 2.124698750395965 1.350042949981612
2.5 1.3507388702013565 2.300000735381427 1.350196512358139
-2.5837713507323277 1.4253694351006785 -2.383780708519031 1.423434744656947
-2.4084688903622475 1.4253694351006785 -2.2085098549400435 1.4213217007934613
-2.233166429992167 1.4253694351006785 -2.0419575225392914 1.3667251369065854
-2.057863969622087 1.4253694351006785 -2.257784472624365 1.4197309530960873
-1.8825615092520067 1.4253694351006785 -2.082539353055479 1.4223925260133954
-1.7072590488819266 1.4253694351006785 -1.9072473229523637 1.4232037402173388
-1.5319565885118462 1.4253694351006785 -1.7319485342480936 1.4235745421707524
-1.356654128141766 1.4253694351006785 -1.5566477180596698 1.4237681881649138
-1.1813516677716858 1.4253694351006785 -1.3813460383786924 1.4238688600418068
-1.0060492074016056 1.4253694351006785 -1.206043886882409 1.4239106070193892
-0.8307467470315253 1.4253694351006785 -1.0307414112432087 1.4239085152342867
-0.6554442866614449 1.4253694351006785 -0.855438656617466 1.4238687732819506
-0.4801418262913648 1.4253694351006785 -0.6801356094188817 1.4237925044288493
-0.3048393659212847 1.4253694351006785 -0.5048322083080407 1.4236773966654828
-0.12953690555120412 1.4253694351006785 -0.3295283414579123 1.423518607185115
0.04576555481887601 1.4253694351006785 -0.15422384048885862 1.4233098806715243
0.22106801518895614 1.4253694351006785 0.021081510101136264 1.4230461222161523
0.39637047555903626 1.4253694351006785 0.1963878986245597 1.4227295633905077
0.5716729359291164 1.4253694351006785 0.3716952440437987 1.4223823381452803
0.746975396299197 1.4253694351006785 0.5470027000113138 1.422064780904841
0.9222778566692771 1.4253694351006785 0.7223082515023465 1.4218827447814946
1.0975803170393572 1.4253694351006785 0.8976096147168522 1.4219462476030225
1.2728827774094378 1.4253694351006785 1.0729066570701573 1.4222789183073814
1.448185237779518 1.4253694351006785 1.2482019808764473 1.4227815868747515
1.623487698149598 1.4253694351006785 1.423498271841817 1.4233128930795567
1.7987901585196782 1.4253694351006785 1.5987964784103301 1.4237794928628156
1.9740926188897583 1.4253694351006785 1.7740963301891703 1.424151032051171
2.1493950792598384 1.4253694351006785 1.9493972701722497 1.4244332939978095
2.3246975396299194 1.4253694351006785 2.124698855567244 1.4246439192854488
2.5 1.4253694351006785 2.3000008084769843 1.4248007610814528
-2.5837713507323277 1.5 -2.3837824912147676 1.497889059720022
-2.4084688903622475 1.5 -2.208522963262062 1.4953495982918301
-2.233166429992167 1.5 -2.387401285954151 1.3726751822841043
-2.057863969622087 1.5 -2.2577957629531036 1.4947771640420577
-1.8825615092520067 1.5 -2.0825402799040957 1.497086018449064
-1.7072590488819266 1.5 -1.90724740932083 1.4978422954420927
-1.5319565885118462 1.5 -1.7319484591822445 1.498196762424211
-1.356654128141766 1.5 -1.5566475998454443 1.4983840557218895
-1.1813516677716858 1.5 -1.381345906452474 1.4984819438442711
-1.0060492074016056 1.5 -1.2060437500615662 1.4985225338470016
-0.8307467470315253 1.5 -1.0307412730275924 1.4985202798884896
-0.6554442866614449 1.5 -0.8554385201876211 1.4984812649087755
-0.4801418262913648 1.5 -0.6801354806719567 1.4984068247126061
-0.3048393659212847 1.5 -0.5048320996265573 1.498295164203826
-0.12953690555120412 1.5 -0.32952827812903773 1.4981423416799275
0.04576555481887601 1.5 -0.15422387199222048 1.49794350692462
0.22106801518895614 1.5 0.021081292360873943 1.497695506024346
0.39637047555903626 1.5 0.19638734243850908 1.497402603746535
0.5716729359291164 1.5 0.37169414703990566 1.497087270282965
0.746975396299197 1.5 0.5470009259518693 1.4968045017124383
0.9222778566692771 1.5 0.722305990184734 1.496645508281709
1.0975803170393572 1.5 0.8976074981462753 1.4967027732934086
1.2728827774094378 1.5 1.072905301628845 1.496998470319586
1.448185237779518 1.5 1.2482014516061612 1.4974533811103414
1.623487698149598 1.5 1.4234982385035282 1.4979467025366549
1.7987901585196782 1.5 1.5987966274784118 1.4983914162608094
1.9740926188897583 1.5 1.7740965021270587 1.4987536935205674
2.1493950792598384 1.5 1.9493974120732498 1.4990340186737965
2.3246975396299194 1.5 2.1246989601628696 1.499246202174226
2.5 1.5 2.3000008822606066 1.4994059432146354
